1	29	0.12129916652480571
1	30	0.03156839445619339
1	31	0.035337526439312344
1	32	0.03758973645467557
1	33	0.03214140050604453
1	36	0.0496650934625167
1	37	0.07623994124490266
1	38	0.08152426243837818
1	39	0.07365106310927445
1	22	0.126420503768679
1	40	0.08829419468571263
1	42	0.0943059602820261
1	21	0.12634207130546804
1	48	0.05325186000754013
1	49	0.032313464133318176
1	50	0.03335264745173213
1	51	0.03487945099255069
1	52	0.01773010135319891
1	53	0.018449574099991282
1	54	0.0074224245702900985
1	59	0.008761166494970874
1	7	3.335563121497541
1	60	0.008032814799696416
1	61	0.008006454062977873
1	62	0.00711610745844607
1	63	0.00850382208433836
1	3	2.0649380806826967
1	64	0.007010646544271753
1	2	0.27762846450538453
1	65	0.0076740936585220085
1	66	0.007916320654513807
1	67	0.007119179518944366
1	69	0.008038924008223024
2	3	0.4835006294190464
2	13	0.40078222241349737
2	1	0.1727576715893234
2	18	0.39814635997080294
2	10	0.6819802123214984
2	17	0.3330862920719354
2	16	0.3493753774747352
2	14	0.4064604057621633
2	6	1.4470865336570127
3	1	0.27984946403042626
3	2	0.29355231975134405
3	12	0.5797984311181584
6	29	0.22889758630808282
6	37	0.11480671773899458
6	38	0.1200825879621882
6	39	0.1212456339276536
6	22	0.24844899036621526
6	40	0.12596230131096048
6	42	0.11946285564443657
6	21	0.20194573537852964
6	18	0.7389247305873164
6	17	0.7951236096899524
6	16	0.6695791045131986
6	48	0.07729240687596
6	49	0.0404128129619947
6	14	0.5615165650367242
6	50	0.042575513716462954
6	51	0.04115124625122369
6	52	0.017586866502522582
6	53	0.01772247349650469
6	13	0.49794763766098055
6	10	3.501786221368528
6	3	1.3629658164813758
6	2	1.186785663706032
6	1	0.24337525278575942
7	1	2.918669530017735
10	29	0.0765812587392951
10	37	0.06355930419502834
10	38	0.06140958826501991
10	39	0.06347756931104419
10	22	0.08227501780296466
10	40	0.06784884227688306
10	42	0.06363243588400676
10	48	0.0512074645533569
10	49	0.03179373829635525
10	14	0.016740871784572047
10	50	0.03535952073607223
10	51	0.031434542698085384
10	52	0.016142447681766446
10	53	0.017185761866097438
10	13	0.019054730281248572
10	6	0.8129108237854278
10	3	0.018157954292001725
10	2	1.8687875103058875
10	1	0.018925194483890403
12	3	0.5298550664150505
12	1	0.1283385653115048
12	56	0.5900119209433233
12	55	0.6232966887382551
13	29	0.22756567666925565
13	30	0.04668254381252415
13	31	0.04231399843731249
13	32	0.04715617377460444
13	33	0.040236566736321026
13	37	0.12015119294217533
13	38	0.12348830846120146
13	39	0.12802088200883907
13	22	0.1914856907537158
13	40	0.12263985865872272
13	42	0.1345743280690332
13	21	0.1943413767211652
13	20	0.1093239975614264
13	48	0.0712413751357376
13	49	0.036950029704404835
13	50	0.040496147817634776
13	51	0.040466023852115035
13	52	0.018868855817073076
13	53	0.018497752479616447
13	54	0.007388320702801312
13	59	0.007678063263454477
13	60	0.00836730560121904
13	61	0.008323300241136472
13	62	0.007491029547747664
13	63	0.007639145689534848
13	3	0.36531440074316596
13	64	0.007809010093143596
13	65	0.008526138244403087
13	66	0.0075787009242306155
13	67	0.008190514773542977
13	69	0.03909531459794178
14	29	0.20366792522326999
14	30	0.04203415026200573
14	31	0.04276586553919849
14	32	0.047398755108229926
14	33	0.039759534131841995
14	37	0.10842423063917607
14	38	0.1201240392483396
14	39	0.12628623112377024
14	22	0.20853175707739346
14	40	0.1277923265500529
14	42	0.1185678316935903
14	21	0.19908400496049722
14	20	0.11226173545147498
14	48	0.07983658275831367
14	49	0.039393060506054116
14	50	0.03861513903175534
14	51	0.04411238065505457
14	52	0.018062313582382937
14	53	0.018774895946619075
14	54	0.007457497188352979
14	59	0.008646157397324359
14	60	0.008588808995556939
14	61	0.007678744718509294
14	62	0.008770159385288235
14	63	0.007446894977548197
14	3	0.3674874727729046
14	64	0.007851711509621556
14	65	0.007954299218158208
14	66	0.0077329756747876646
14	67	0.008813682297406452
14	69	0.03578714967351743
16	21	2.5099739048398475
16	10	0.9510551364941379
16	20	0.24231105211818696
17	21	2.8597350792744627
17	10	1.010443424732772
17	20	0.2733376897367072
18	21	2.948558516730899
18	10	1.085768358242353
18	20	0.2560133220413873
20	29	0.12668843455655882
20	37	0.08571888276180528
20	38	0.09351156312007766
20	39	0.09429548138179651
20	22	0.14137027584105366
20	40	0.0937823791135691
20	21	0.17407813555239604
20	18	0.12205522199558522
20	17	0.12362197458601762
20	16	0.12956027786680455
20	48	0.06833617109458542
20	49	0.03677681800368392
20	14	0.07858535217650103
20	50	0.038295559598773336
20	51	0.04021600324479205
20	52	0.017024880896382003
20	53	0.01688842474195282
20	13	0.06827196464339244
20	54	0.024543095934676806
20	59	0.03668437837319519
20	60	0.038347211658944176
20	6	0.09232218344231201
20	61	0.029402949351015496
20	62	0.028498831860515713
20	63	0.03285188417388232
20	3	0.012451790771860063
20	64	0.02824521682898832
20	65	0.028212856823916665
20	66	0.03089874517124075
20	1	0.013804452149079485
20	67	0.03172461055388849
20	69	0.03146355190965796
21	29	0.5325872699714955
21	30	1.4343861092893635
21	31	1.4260528288750738
21	32	1.4918074468168958
21	33	1.2725534634636262
21	37	0.18301134469994237
21	38	0.1650146890653704
21	39	0.15527741091857103
21	22	0.7118693136943605
21	40	0.18774454768932927
21	20	0.25823860088256867
21	18	0.4868324870238837
21	17	0.49109150818496883
21	16	0.5467406320219418
21	48	0.10557889465523428
21	49	0.04433268621643976
21	14	0.13423492050579927
21	50	0.04580187311550744
21	51	0.04855560008468432
21	52	0.02122744228936431
21	53	0.020556766783952237
21	13	0.13364840468525455
21	54	0.010488919532619646
21	10	0.35465716269891856
21	59	0.010845272504974496
21	60	0.011769399404232484
21	6	0.37689381743947925
21	61	0.009860814863518882
21	62	0.009975357356497608
21	63	0.010083112711202413
21	3	0.12843167969102465
21	64	0.009744321023545319
21	2	0.2859945661593843
21	65	0.009591996231512212
21	66	0.010751470823615541
21	1	0.002266803732389429
21	67	0.010123419673176167
21	69	0.41337550636413595
22	29	2.6061241187549906
22	30	0.07315980141602099
22	31	0.0697562264747631
22	32	0.07267099208060504
22	33	0.07745258352997676
22	37	0.2174245931896593
22	38	0.24702452857106122
22	39	0.23669876585180605
22	40	0.2331726135832062
22	42	0.6598280346523104
22	21	1.3878328200923349
22	20	0.212992168847082
22	48	0.1338957339877464
22	49	0.04986868987035419
22	14	0.1582962861166314
22	50	0.05145737296110688
22	51	0.054313139254668096
22	52	0.021702914007183934
22	53	0.021441893132420658
22	13	0.14683213159239236
22	54	0.008617068677901806
22	10	0.778988990389198
22	59	0.009206745311421639
22	60	0.008007016792479895
22	6	0.8709597407850342
22	61	0.008397131347103137
22	62	0.00858389445818854
22	63	0.00903285301160523
22	3	0.17383921262599783
22	64	0.007763743193113932
22	2	0.17882135869090646
22	65	0.009022744682107323
22	66	0.007549652118542891
22	1	0.0024265560771459514
22	67	0.008171250599301186
22	69	0.05359540227393448
23	61	0.1810064458030162
23	62	0.1755900666524482
23	52	1.1240230297984075
23	63	0.17145635699834036
23	42	0.8423159741897798
23	53	0.768620466974094
23	64	0.1834386463224752
23	54	0.10574016223437685
23	65	0.15870968503291744
23	66	0.1613754428784378
23	67	0.21224975230386575
23	57	0.3713831058624008
23	48	0.43178346238194004
23	59	0.5630185231956332
23	60	0.6136297483493094
24	61	0.1815767601739453
24	62	0.17454607535697886
24	52	1.0168108419261803
24	63	0.15669266812437646
24	42	0.7603355769863741
24	53	0.8348173508609229
24	64	0.1838500240031438
24	54	0.1139548704236528
24	65	0.16999034822767012
24	66	0.15855228384411102
24	67	0.22567794484470155
24	57	0.32122637916481617
24	48	0.4384736136184004
24	59	0.5169522129372972
24	60	0.599833808611855
25	61	0.2148201724401306
25	62	0.15241491159371762
25	52	1.119847025918915
25	63	0.17165127678254108
25	42	0.8610014401176553
25	53	0.879378209151522
25	64	0.15455707552835032
25	54	0.10489629054603415
25	65	0.18042342440881082
25	66	0.1660694457825957
25	67	0.21306727739934578
25	57	0.34700673944034444
25	48	0.45420604880359344
25	59	0.5152207079686636
25	60	0.5856187907956624
26	61	0.18620497411091552
26	62	0.18558008508650808
26	52	1.176578815410174
26	63	0.17191110164975051
26	42	0.8079065345404631
26	53	0.8709734700344042
26	64	0.16326407310523897
26	54	0.11936284656532012
26	65	0.16238956377495753
26	66	0.17363787224901425
26	67	0.2289305505791656
26	57	0.34612672623213586
26	48	0.40298110931470177
26	59	0.5772585791052741
26	60	0.573073486760144
29	30	0.03549968751070986
29	31	0.030470404716859426
29	32	0.032977258361723584
29	33	0.031325041517467206
29	37	0.2787866241427035
29	38	0.2620663445435174
29	39	0.2678309615833013
29	22	0.09879183100169014
29	40	0.2567620151082861
29	21	0.0875382480380463
29	20	0.06915759414163819
29	49	0.045624815327220083
29	14	0.06060811330251139
29	50	0.056148374858079136
29	51	0.05461811347224101
29	13	0.0657313304152844
29	10	0.09236952464432273
29	59	0.007287976630048894
29	60	0.007663671064208678
29	6	0.09114658841726782
29	61	0.007076440849826788
29	62	0.007348565932490181
29	63	0.007539784702701553
29	3	0.06664600847873973
29	64	0.008548324619737768
29	2	0.06549017949959374
29	65	0.00803911047347892
29	66	0.008552044547654283
29	1	0.0025595887237169898
29	67	0.007381761282009557
29	69	0.031395971440665166
30	26	2.5061647228183506
30	35	0.7544332351278056
30	36	0.47332752631537117
30	25	2.387590403042846
30	24	2.6763597843573605
30	23	2.7590499701770406
30	43	0.272536072630922
30	44	0.2716913290829991
30	45	0.32586256211549314
30	46	0.31775412314814394
30	54	0.04128540769474793
30	57	0.06568315908377809
30	58	0.07123635844702476
30	59	0.06041233475372601
30	60	0.0621951835995167
30	61	0.044468858373052374
30	62	0.051152637478096015
30	63	0.053612172233801145
30	64	0.05532947722546541
30	65	0.051112306775216984
30	66	0.048788805464286385
30	67	0.05299312060336987
30	69	0.05600745153071589
31	26	2.5000027391506667
31	35	0.7689783723357606
31	36	0.48556134015901226
31	25	2.475584199189847
31	24	2.608125908939604
31	23	2.878051072076104
31	43	0.27343917031798365
31	44	0.3137268797565118
31	45	0.3040227459516095
31	46	0.31101463803655294
31	54	0.04306127785699774
31	57	0.06063055229333971
31	58	0.07939566119355099
31	59	0.05890442189559488
31	60	0.061914760713683716
31	61	0.0487616555326261
31	62	0.04588648800416719
31	63	0.04860616919158413
31	64	0.05173935508203471
31	65	0.05053325698529026
31	66	0.04905743875081025
31	67	0.05221117955593366
31	69	0.05725767169704605
32	26	2.8069708288834976
32	35	0.8119712553850867
32	36	0.47955657354874226
32	25	2.6173455826085448
32	24	2.4384988296813406
32	23	2.5733666920304072
32	43	0.30349355145344564
32	44	0.3113284882689048
32	45	0.3039126514453266
32	46	0.29794920185105406
32	54	0.04366513562524685
32	57	0.06177535289894856
32	58	0.0726778015082729
32	59	0.06001584820197369
32	60	0.06275109450393143
32	61	0.04522146674363563
32	62	0.0480467515241087
32	63	0.04871502942919237
32	64	0.047114055878118725
32	65	0.04706314648399472
32	66	0.05283363775269665
32	67	0.04910551270577366
32	69	0.055298006075459295
33	26	2.3718099348694555
33	35	0.7795626911727745
33	36	0.5582645127745879
33	25	2.5376184601694733
33	24	2.671640159913747
33	23	2.816440385263851
33	43	0.3042489794235309
33	44	0.3069455653313902
33	45	0.2976859631358183
33	46	0.3119938035785348
33	54	0.045774531577892685
33	57	0.06841904095200495
33	58	0.0732242687267481
33	59	0.06284521259974381
33	60	0.06697557054570007
33	61	0.04729460868199524
33	62	0.04815130438583245
33	63	0.052357886715909685
33	64	0.05239036416880774
33	65	0.05110714621307557
33	66	0.05176864470971354
33	67	0.05127669121676263
33	69	0.054164021542623286
35	30	0.7601286293591408
35	31	0.6807259922310043
35	32	0.6523884928601222
35	33	0.7266757008006015
35	36	1.5894744477292568
35	42	0.4192622150348838
35	43	0.4879220889329354
35	20	0.44359553904367327
35	44	0.4686214336475446
35	45	0.4493633352136879
35	46	0.5052213245411697
35	57	0.03226456569439289
35	58	0.038373409156719746
35	59	0.035625047052132194
35	60	0.03470180540065124
35	61	0.02877493001748952
35	62	0.029294201988029924
35	63	0.02909745900030206
35	64	0.02875716104879124
35	65	0.026618014131378268
35	66	0.0270590035846736
36	30	0.03170082232035975
36	31	0.032283160131451986
36	3	0.047188030053744744
36	42	0.47009516090882403
36	32	0.03163596730725652
36	2	0.05611738955173339
36	20	0.029306190478651975
36	12	0.06225637487730172
36	33	0.031354991556546065
36	43	0.5878138004294795
36	44	0.7156350439495163
36	1	0.32522675271740786
36	45	0.5903887931377453
36	35	0.03318231491708437
36	46	0.700736026846428
37	29	2.001879456870291
37	35	0.02560178171494024
37	36	0.19882132839574584
37	22	0.09701311514412139
37	42	0.5959794683920681
37	14	0.0635255688746872
37	13	0.0565710928094339
37	54	0.4053677872981031
37	10	0.09115055615870105
37	57	0.021143505534965645
37	59	0.020052182268969893
37	60	0.021307617939366284
37	6	0.08757944704665377
37	61	0.018418935966733677
37	62	0.020947317392183775
37	63	0.017703851677104435
37	3	0.05863724634876271
37	64	0.020026740842039648
37	2	0.06563193768050192
37	65	0.017568834303767714
37	66	0.017604983141400157
37	1	0.0021791700170786773
37	67	0.018339460639136655
38	29	1.947454455326247
38	35	0.025472281601578623
38	36	0.18091748135770414
38	22	0.10783280000800385
38	42	0.549878803379615
38	14	0.06011980864200081
38	13	0.05616725581372412
38	54	0.41698005400884636
38	10	0.08917715513730776
38	57	0.02104263019912585
38	59	0.02076178282471437
38	60	0.019147544329322266
38	6	0.09294847638492773
38	61	0.01661288043980119
38	62	0.018971461510877564
38	63	0.01833123712577844
38	3	0.056774279302204196
38	64	0.019653174376341728
38	2	0.06782770506183387
38	65	0.0193607726820146
38	66	0.018936101888363997
38	1	0.0023549630753100024
38	67	0.020737765302339162
39	29	1.9192620312807274
39	35	0.02849654132889569
39	36	0.19061912161773967
39	22	0.09651721857399538
39	42	0.6458984632202944
39	14	0.06283794150715859
39	13	0.057312237814798814
39	54	0.4064478615929249
39	10	0.08180603423359784
39	57	0.022007991061967293
39	59	0.022094165996873867
39	60	0.020418742351892567
39	6	0.08623083108766862
39	61	0.018226935233011242
39	62	0.01800934102212857
39	63	0.02092269945539015
39	3	0.06758617108203847
39	64	0.017335793790750613
39	2	0.060524810346458444
39	65	0.01734583679394489
39	66	0.01850246400422526
39	1	0.0023538204197577992
39	67	0.01955967423330099
40	29	2.1262444815186217
40	35	0.028236641213795932
40	36	0.18486651130200962
40	22	0.10840212156548033
40	42	0.6360622192473003
40	14	0.059340997516321874
40	13	0.06078310192150607
40	54	0.3800505944037565
40	10	0.09537190075091177
40	57	0.020766551564450446
40	59	0.01882215753495493
40	60	0.02005702151822801
40	6	0.08777364481918386
40	61	0.01975293848275566
40	62	0.01966896167903027
40	63	0.020591184244906142
40	3	0.06735431434084907
40	64	0.017807603235862807
40	2	0.06470427272861573
40	65	0.02004460584605221
40	66	0.018217135049241585
40	1	0.00231658073471148
40	67	0.021083811180445253
42	22	0.009576879253915324
42	48	1.2701937678463655
42	3	0.00972037343677898
42	53	0.08691597058029296
42	13	0.01041213681700279
42	2	0.010624073013784518
42	54	1.36747824840594
42	1	0.0021583080909185746
42	26	0.9998014990563487
42	35	0.026819849455734856
42	36	0.268445794148778
42	25	1.1894901415035983
42	24	1.0222536443686434
42	23	1.099130422488588
42	14	0.009452263034760213
42	6	0.010182619744077965
43	30	0.03016472905249084
43	31	0.029600934688712693
43	32	0.02995663426707727
43	33	0.030054520726675703
43	35	0.029678214787689318
43	36	0.3426222656891081
43	48	2.0778421907170515
44	30	0.027658299943674435
44	31	0.027362454693614684
44	32	0.027548747013752106
44	33	0.02963577594560731
44	35	0.03361320929026735
44	36	0.3538283474227834
44	48	2.1477859566034723
45	30	0.028106403551438116
45	31	0.02703453876762194
45	32	0.028275064318081886
45	33	0.029664106187152796
45	35	0.03388053160756577
45	36	0.3554358820040203
45	48	2.0446340873777205
46	30	0.02902802463405142
46	31	0.027172502850834578
46	32	0.03175679086223088
46	33	0.02928815724443646
46	35	0.02961376261657763
46	36	0.3662783605432405
46	48	1.7933403996699968
48	26	0.4426213525718393
48	25	0.44892895020781065
48	24	0.44214286659346036
48	23	0.3781685488208711
48	22	0.022716987068318897
48	42	0.6126238460125899
48	21	0.022453822788788564
48	20	0.020666014986448242
48	49	0.1584819482298712
48	14	0.017299403976077526
48	50	0.2322372759477379
48	51	0.21926647419727385
48	52	0.0267308865682182
48	53	0.02400008536057914
48	13	0.017304865926517754
48	54	1.787675608748398
48	10	0.02238449353473472
48	6	0.022243604637469654
48	3	0.020499648882175158
48	2	0.01849562624819263
48	1	0.002134883756744087
49	22	0.03360542130700438
49	50	0.22627867918810957
49	29	0.06062486238471642
49	51	0.24069381762210137
49	52	0.021131070557098064
49	3	0.031059771580122353
49	21	0.03608289382600608
49	13	0.03151871492118118
49	2	0.03254977719978887
49	20	0.0318468474529629
49	53	0.02400365141723755
49	54	0.13310277426821757
49	1	0.002284777826478779
49	10	0.036899783545502864
49	48	0.12598230042442093
49	14	0.02717498057565141
49	6	0.035151833077437855
50	22	0.051719096987535046
50	29	0.08625549320170868
50	52	1.6882528330379072
50	3	0.03608483604221439
50	21	0.04566242882807852
50	13	0.036390862676850766
50	2	0.03723720682053361
50	20	0.03968282707194225
50	53	0.30156178216349244
50	54	0.12675139742128894
50	1	0.002413507332670289
50	10	0.04466541074390474
50	57	0.4841609055321701
50	48	0.8478853521497262
50	49	0.04297936017208041
50	14	0.03813577518368895
50	6	0.047625813692115236
51	22	0.04452423671386749
51	29	0.08455496394463215
51	52	1.3976698610426086
51	3	0.03494356003287175
51	21	0.04483389645007082
51	13	0.03822308366458524
51	2	0.0334213972113973
51	20	0.038347460812156196
51	53	0.255429616837619
51	54	0.11729542314634266
51	1	0.0023658870872635667
51	10	0.04345151537402237
51	57	0.5236025984409518
51	48	0.8698696092201709
51	49	0.046908968436671535
51	14	0.03389045833888594
51	6	0.04332960743184051
52	30	0.02099669025519588
52	31	0.023931267531546646
52	32	0.02427651315984083
52	33	0.023114231074627643
52	35	0.02509344926827883
52	36	0.07090730556382865
52	22	0.018803199186019755
52	21	0.021760273822318554
52	20	0.020564618746263863
52	48	0.6898003138922739
52	49	0.11429132691801278
52	14	0.01763237530177612
52	50	0.3666731140989202
52	51	0.38242740022695954
52	53	0.34324997314807265
52	13	0.016588563705501668
52	54	0.13074460908422134
52	10	0.019976172014819056
52	6	0.021219766953938016
52	3	0.01703956774959562
52	2	0.018118501177545633
52	1	0.00216570157212626
53	30	0.025553115283284668
53	31	0.02261668346232755
53	32	0.026557051063580084
53	33	0.024455231016022982
53	35	0.027378379032944895
53	36	0.08906774556869251
53	22	0.019375067565544128
53	42	0.06498424993323808
53	21	0.018385601984613673
53	43	0.1333854809566852
53	20	0.01766950296099709
53	44	0.13892419428229533
53	45	0.14835315987193656
53	46	0.13325146250242395
53	48	0.7263167842739309
53	49	0.13311242639527873
53	14	0.01932304134421501
53	50	0.24506207020392964
53	51	0.2606397516873145
53	52	1.0080185517045503
53	13	0.018792183097916127
53	54	0.23590433097987876
53	10	0.020597484789979983
53	6	0.019558301174097743
53	3	0.018106652798933833
53	2	0.018390764452189477
53	1	0.0022144091989335876
54	30	0.035411353255467515
54	31	0.040607382333088075
54	32	0.041357955787165446
54	33	0.03833949453362122
54	26	0.039924135409150206
54	36	0.16832787375738983
54	25	0.037844971668558075
54	24	0.03782577734497617
54	23	0.03409849488566291
54	22	0.019786787370642427
54	42	0.08450326135661912
54	21	0.003793342356807526
54	43	0.3448285473110363
54	20	0.02034828250807941
54	44	0.30851896075861474
54	45	0.29486294122708356
54	46	0.33360302431182826
54	48	0.7500061354954842
54	49	0.14033599570501293
54	14	0.019305371579249796
54	50	0.06555654646705661
54	51	0.06143142453420171
54	52	0.0794298168482639
54	53	0.07943018626134736
54	13	0.01778025097998756
54	57	0.037021995440174094
54	58	0.042858632302672305
54	59	0.03891678465896638
54	60	0.038839572017676904
54	6	0.01505667038080528
54	61	0.03361288376190518
54	62	0.03490279675423129
54	63	0.030831242564434366
54	3	0.006945326641424643
54	64	0.03534606367842854
54	65	0.03321143217708428
54	66	0.03240710738964346
54	1	0.002090816309911266
54	67	0.18551919741995782
54	69	2.221688953170477
55	12	0.5705822453662933
56	12	0.5276579267675165
57	30	0.12360246085414997
57	31	0.13538567805238794
57	32	0.13429403536774975
57	33	0.11427124106955829
57	26	0.11555055880416452
57	35	0.04194497135586616
57	25	0.09797556213931002
57	24	0.11642681502219604
57	23	0.10854058051619841
57	50	0.582584769327853
57	51	0.6199646584715682
57	54	0.07029259979329061
57	59	0.13942407983539054
57	60	0.14245598404300922
57	61	0.09206731550377475
57	62	0.07929245282600061
57	63	0.078374012377588
57	64	0.08013786375413764
57	65	0.07855279080898217
57	66	0.0893580470168422
57	67	0.09634060969859394
57	69	0.11089471606752506
58	29	0.08863023415929211
58	30	0.09974108971582346
58	31	0.1067887485709548
58	32	0.10770816191887318
58	33	0.09540454204411496
58	35	0.03449969905132612
58	37	0.0641067048096497
58	38	0.06303236978264076
58	39	0.06968085380564111
58	22	0.09337146618306676
58	40	0.07542127483723267
58	21	0.12284941794591377
58	20	0.3532202130434958
58	18	0.10069551000136263
58	17	0.09265839773391069
58	16	0.09784620041424087
58	49	0.029865197096299614
58	14	0.0595149992992233
58	50	0.03236264950551328
58	51	0.03740660136595385
58	13	0.06274528898634837
58	54	0.052392922747486685
58	57	0.48237998235032314
58	59	0.08683242023219756
58	60	0.0882417954362186
58	6	0.03965204604181495
58	61	0.07868680453124072
58	62	0.07402882881651202
58	63	0.075894402961485
58	3	0.013624345825331743
58	64	0.07243012154382476
58	65	0.06957961003133471
58	66	0.07068909777753947
58	1	0.012372950982287079
58	67	0.0797810114312451
58	69	0.08928507042325487
59	29	0.04886167270044188
59	30	0.9122347886226789
59	31	0.8399506522112693
59	32	0.7856858825777303
59	33	0.8147722440475944
59	26	0.49432372325571067
59	35	0.05237898136947537
59	25	0.4422544362351213
59	24	0.4838575559701667
59	23	0.4947791409563641
59	22	0.055310077960373856
59	21	0.004125289590851061
59	20	0.03862966650997996
59	14	0.04109435974916778
59	13	0.04071592618345328
59	54	0.12500958489094083
59	6	0.02437598161123687
59	61	0.3171326045362717
59	62	0.25065018619785506
59	63	0.22162512787264887
59	3	0.010123004341644535
59	64	0.23274796144937876
59	65	0.22537527967324503
59	66	0.2515249497291266
59	1	0.0024956889801767876
59	67	0.33636738019122775
59	69	1.0776425852085825
60	29	0.05072629783910784
60	30	0.763999838136314
60	31	0.7930833172417634
60	32	0.9100178782700175
60	33	0.8375299630614704
60	26	0.4390064085993409
60	35	0.06052375332583902
60	25	0.4367148552119886
60	24	0.46353700424162275
60	23	0.43688399766368335
60	22	0.05946649785332159
60	21	0.004266668486902785
60	20	0.040851901497944945
60	14	0.03974685688665811
60	13	0.04159285295020697
60	54	0.1359090891196619
60	6	0.024520018640763645
60	61	0.3438229233332828
60	62	0.2504645540877636
60	63	0.24245709315054206
60	3	0.010283585109897667
60	64	0.21692888226879448
60	65	0.21966964918172902
60	66	0.22885751878796431
60	1	0.0021128151917948466
60	67	0.3691937193377089
60	69	1.0002073059544345
61	29	0.030869996643339455
61	30	0.06776974413600408
61	31	0.0656508617729917
61	32	0.0649027300801607
61	33	0.06208322924126226
61	26	0.06658367773634616
61	35	0.029937831359871023
61	25	0.06093899131980665
61	24	0.06142087128703302
61	23	0.06323889871065085
61	22	0.029098288236177775
61	21	0.003686705061282881
61	20	0.027432739730489528
61	14	0.026010547944770986
61	13	0.02285520799817661
61	54	0.04286028835158317
61	57	0.06803735887871366
61	58	0.08427030057664624
61	59	0.06405352495166577
61	60	0.06704033501525962
61	6	0.0168372435132662
61	62	0.05735195860479996
61	63	0.05540453133923865
61	3	0.007886546203430997
61	64	0.056186180007440314
61	65	0.05086953457695913
61	66	0.05783278232526109
61	1	0.0023350665348936747
61	67	0.055693042687733715
61	69	0.066955438464612
62	29	0.025720865496232315
62	30	0.04870724861311983
62	31	0.04855261789694842
62	32	0.04627603914285437
62	33	0.04530408992921351
62	26	0.04301889153637826
62	35	0.024416139786488766
62	25	0.04630476811447414
62	24	0.04706467742159365
62	23	0.04595153683103011
62	22	0.023412289529922636
62	21	0.0042012306168386065
62	20	0.023717216149112843
62	14	0.021503094373204374
62	13	0.018842285760312542
62	54	0.03398229592450828
62	57	0.04458820730795324
62	58	0.06042731284384793
62	59	0.044255380232531234
62	60	0.05279732293136945
62	6	0.015938026675791157
62	61	0.040915427603066955
62	3	0.008142457874657769
62	1	0.0021096331767269196
62	67	0.040278672315985524
62	69	0.04443982883900504
63	29	0.02478118449469451
63	30	0.04760368684246885
63	31	0.04261482253848462
63	32	0.04224959153510357
63	33	0.04930149203570626
63	26	0.04598932234263931
63	35	0.027195514261227693
63	25	0.04496398803337431
63	24	0.04249124724236787
63	23	0.042595266247731293
63	22	0.026811615298148708
63	21	0.004023726409065215
63	20	0.02360503283284472
63	14	0.020290497467689763
63	13	0.02241346074839936
63	54	0.0370555453787258
63	57	0.043170416101166106
63	58	0.054642199875431244
63	59	0.044320185888361834
63	60	0.04952901638338539
63	6	0.014948100531737559
63	61	0.03974336242121364
63	3	0.008126222317962523
63	1	0.002188627045906413
63	67	0.04018750028658527
63	69	0.050693893943885626
64	29	0.023910599863415535
64	30	0.04596612355127334
64	31	0.042238250292076805
64	32	0.04879935270670975
64	33	0.04276083392203679
64	26	0.042706108280323625
64	35	0.026924905893582103
64	25	0.04564271461921397
64	24	0.03964486370116121
64	23	0.04424001670107215
64	22	0.026553755592533448
64	21	0.0039994029564223545
64	20	0.022931141118308716
64	14	0.020574926653058382
64	13	0.020923537306483643
64	54	0.037268531060255905
64	57	0.0463467958983566
64	58	0.06160707205487312
64	59	0.048348941713142635
64	60	0.04950109980193657
64	6	0.015366375994769142
64	61	0.03845191663700935
64	3	0.008187887652909022
64	1	0.0023695034332263582
64	67	0.04072347786458932
64	69	0.046963891734442695
65	29	0.026543312708674948
65	30	0.04243163749567538
65	31	0.04083053103258711
65	32	0.04187255282463483
65	33	0.04594677985744916
65	26	0.04342494544773922
65	35	0.025741293511265077
65	25	0.04252865319639209
65	24	0.0472577822643756
65	23	0.04611242272514939
65	22	0.026853047496634943
65	21	0.00412573655210742
65	20	0.019944158697198365
65	14	0.021992474129050112
65	13	0.01977002232997026
65	54	0.036422900318778956
65	57	0.052281965653006864
65	58	0.05822974945188954
65	59	0.04836055987463016
65	60	0.05331342721925625
65	6	0.015975635237912535
65	61	0.03838155122890969
65	3	0.00875001009645058
65	1	0.002067582260520893
65	67	0.04616138468893841
65	69	0.05037636930203977
66	29	0.026397846428140633
66	30	0.04932264184021166
66	31	0.04826536018881941
66	32	0.043934487326986786
66	33	0.04137468965948112
66	26	0.04499647676143287
66	35	0.02743141140760462
66	25	0.040726342448575543
66	24	0.04171823703971216
66	23	0.04083740267160035
66	22	0.02483442671673547
66	21	0.003762408960014106
66	20	0.02231341666462115
66	14	0.020910656535782852
66	13	0.020898202028191707
66	54	0.03629226000177502
66	57	0.043409814021301694
66	58	0.05369227801133034
66	59	0.050056261274743524
66	60	0.05124836961023994
66	6	0.014273789384970911
66	61	0.04233099192842404
66	3	0.007390600294506788
66	1	0.002171456465932693
66	67	0.041727338389199106
66	69	0.04665500703907415
67	29	0.024589997934059846
67	30	0.04517565782915048
67	31	0.050114431925719356
67	32	0.05278325952349134
67	33	0.04585746862338142
67	26	0.051727355777531486
67	25	0.044498214491946006
67	24	0.04951715098456394
67	23	0.044381922621190756
67	22	0.025046847741749506
67	21	0.0043079363163398285
67	20	0.024171542037538758
67	14	0.020315981688299675
67	13	0.022879085582814217
67	54	0.23524433151883065
67	57	0.04604916506580942
67	58	0.0594744856115927
67	59	0.058517021414207615
67	60	0.05803455500601813
67	6	0.015587524591328542
67	61	0.04528832447965544
67	62	0.045785855187389236
67	63	0.043865290798201034
67	3	0.007608018079547851
67	64	0.03940758245457074
67	65	0.04394347263164132
67	66	0.04020790354138524
67	1	0.0023653284778671836
67	69	0.8188403259503604
69	29	0.07135300096533446
69	30	0.18041924917584676
69	31	0.17440220987634703
69	32	0.1858703380709855
69	33	0.17786327201833982
69	22	0.25052361282004443
69	21	0.013378103598063252
69	20	0.03272243586979646
69	14	0.04555515599549966
69	13	0.045928579209248775
69	54	2.669003220391259
69	57	0.1837938593897577
69	58	0.5969686858048806
69	59	0.24621355721257115
69	60	0.24709732897541817
69	6	0.022310005925452608
69	61	0.1085422248382741
69	62	0.125647954025012
69	63	0.11511856122579649
69	3	0.008847244643448866
69	64	0.11589418928952624
69	65	0.11515391083325263
69	66	0.12206596469454023
69	1	0.002311617319877617
69	67	1.2037071458334119
