1	13	4.575570437677732
1	12	2.09236080791284
1	11	5.161109472552981
1	10	13.284650138810102
1	9	5.24864303255865
1	8	8.39516099288571
1	7	5.032785187360867
1	6	2.7141857044762183
1	5	2.1425479894856396
1	4	4.897371827427385
1	3	0.9046845066417364
1	2	0.9074874497580779
1	24	1.0070016550930014
1	23	2.8432272692546654
1	22	3.97955939558179
1	21	0.9811861311238419
1	20	2.877704174210969
1	19	2.8171803751706292
1	18	1.0573327093196618
1	17	3.979838759675319
1	16	5.122186972810549
1	15	5.2061499023618385
1	14	3.1190781549237463
2	13	2.859011047879638
2	12	0.9519302685807081
2	11	2.147497993678073
2	10	6.151145148177253
2	9	2.195998435921042
2	8	4.120378947821562
2	7	1.9799502949953462
2	6	3.875356086521471
2	5	1.073545840804636
2	4	2.0767267101124984
2	3	0.9672664259085777
2	1	0.9042274059160194
2	22	1.0656141792592888
2	20	0.9072407563613903
2	19	0.9299679092291897
2	17	1.9568766974561371
2	16	3.9559418123917434
2	15	1.0533337814685666
2	14	1.0871153098297193
3	13	1.0449530226345207
3	2	0.9647249369717376
3	12	2.09286031438695
3	11	3.1263368466181642
3	1	0.9966337598480473
3	10	2.7309025828938687
3	17	1.0832736066368218
3	9	0.9239173503517836
3	16	2.1103702992434124
3	8	1.9354932977812516
3	15	0.9319347579627748
3	7	1.0498752525447326
3	23	1.0770381945548282
3	14	0.9779686259813161
3	6	2.99456652952101
3	22	0.9860861969983735
3	5	1.005547452533142
3	4	1.8509820806287451
4	13	5.743481023315908
4	12	5.860175710974662
4	11	13.741738068814685
4	10	12.187787641799982
4	9	7.211418940465144
4	8	7.592465261522468
4	7	3.641276704733212
4	6	4.355006884647491
4	5	4.996277838504045
4	3	1.8285213640958582
4	2	2.140129240479907
4	1	5.183446582239728
4	24	1.9539087614217137
4	23	4.790423740161557
4	22	3.9299082409752097
4	21	1.828493930818133
4	20	3.273173829449167
4	19	2.060534810698431
4	18	0.9115444156253399
4	17	5.115366398696989
4	16	7.655688865013965
4	15	4.592025399233418
4	14	5.212434209941437
5	13	2.0113417417577737
5	12	1.8660089135985698
5	11	4.95324405353751
5	10	10.53218621283991
5	9	7.882461090749517
5	8	4.581587671380211
5	7	2.0088030750545807
5	6	1.9595718809886953
5	4	4.585198457416043
5	3	0.9400319131389464
5	2	0.987247013283785
5	1	1.9170985921207035
5	23	1.0405049816826488
5	22	1.920784089075584
5	21	1.0477511952931808
5	20	1.0429492976442678
5	19	0.9129369719798697
5	17	1.9023283500301333
5	16	4.90271246457279
5	15	2.1569813858819273
5	14	0.9565150089541528
6	13	2.1683931354063555
6	12	2.1626203240181523
6	11	3.9800574059129974
6	10	7.894298436222307
6	9	3.898469729395317
6	8	7.511372262057743
6	7	4.033214181795976
6	5	2.1495080400032855
6	4	4.228558063416732
6	3	2.770137648188658
6	2	3.950316101790713
6	1	3.244434386052537
6	24	0.9133252816092997
6	23	0.9849794534526137
6	22	2.0636707708040967
6	21	0.9236742545499218
6	20	2.892180828742628
6	19	2.129409315266407
6	18	0.9993233624226964
6	17	4.603668985333834
6	16	8.788932190551645
6	15	1.8127858586428198
6	14	0.9089097456547259
7	13	4.359804182488162
7	12	7.133212780977107
7	11	5.020494000344157
7	10	18.172105156427776
7	9	6.148553192118017
7	8	10.791527875143792
7	6	4.112497272720588
7	5	2.047169589416492
7	4	3.7523321824567755
7	3	1.0097469299538286
7	2	1.9623657701807398
7	1	4.5036018869957415
7	24	0.9978024193924012
7	23	2.063244576396272
7	22	4.855590440788355
7	21	1.9470548402533447
7	20	4.5529750856278355
7	19	4.073957381510399
7	18	2.0351439736835237
7	17	9.266639332289646
7	16	14.569426386034557
7	15	4.863460548338894
7	14	2.154016021445318
8	13	6.14995537639315
8	12	6.345187271254443
8	11	8.469847489870602
8	10	14.719447482363769
8	9	7.339779597939484
8	7	10.256994758936568
8	6	8.401280437380848
8	5	4.5537175290278
8	4	6.613486143731296
8	3	2.1131316493514603
8	2	4.106020289537601
8	1	8.10363814780604
8	24	2.1370303094329985
8	23	2.8195210865442477
8	22	4.592683475970359
8	21	4.3784907778381035
8	20	8.792629917286746
8	19	7.0086166611093255
8	18	3.0614040292051357
8	17	15.128241447899832
8	16	20.888844434616967
8	15	6.08012847633186
8	14	4.356878179560576
9	13	5.7093117194463705
9	12	5.819260755879853
9	11	14.584455200125138
9	10	25.69413837069143
9	8	8.68272364204902
9	7	6.129955655520057
9	6	3.839196028846959
9	5	8.235055582703632
9	4	7.68646791432319
9	3	0.9302565242959079
9	2	1.825480821439522
9	1	4.986676641222786
9	24	2.0429268080336476
9	23	4.673928786599834
9	22	7.164705598677338
9	21	3.207260759731033
9	20	6.297595082456276
9	19	3.909836174122836
9	18	1.907577951510064
9	17	8.257224571507713
9	16	15.175146565115275
9	15	9.549451112093566
9	14	5.889537919675438
10	13	19.492464611109053
10	12	21.814942145803215
10	11	37.57450139585834
10	9	26.162929260277295
10	8	16.16427209768442
10	7	20.071008006530526
10	6	8.124960017616141
10	5	9.596097882246488
10	4	12.624417834532618
10	3	3.1160390650916003
10	2	5.891702719828482
10	1	13.868871144352545
10	24	7.2309087851688085
10	23	16.22337402173279
10	22	26.72886862983757
10	21	12.878079074231021
10	20	24.66682490450297
10	19	17.531830544999245
10	18	7.022389145852711
10	17	37.778017157497054
10	16	40.36954732842391
10	15	38.56946544506912
10	14	22.160777746328076
11	13	10.131084726049213
11	12	14.526796339612577
11	10	42.055109809000626
11	9	14.766545017481779
11	8	8.400628464436078
11	7	5.450257288449164
11	6	3.9403253474354107
11	5	4.895622381316917
11	4	14.787920320449603
11	3	2.7842747043561915
11	2	2.1653317789441306
11	1	5.259990618707794
11	24	6.560519900777618
11	23	12.797765419163998
11	22	11.172674608832063
11	21	4.387302700818156
11	20	5.820739110977691
11	19	4.019830182573518
11	18	1.0827425621800264
11	17	9.895522330930373
11	16	13.496024489490981
11	15	13.877770734099247
11	14	17.566660106867765
12	13	13.454216584431666
12	11	13.168589897876746
12	10	18.11288173457281
12	9	5.908735837307987
12	8	5.711453368442307
12	7	7.588204265682849
12	6	1.823728444649823
12	5	2.142481997141222
12	4	5.738141081596262
12	3	2.070361508273963
12	2	1.017441150330366
12	1	2.096039051988566
12	24	4.528192016429941
12	23	7.4967422342473355
12	22	6.35099504152005
12	21	2.752007733281019
12	20	3.68336840317999
12	19	2.9490033425186546
12	18	2.010735319181555
12	17	5.5600967006329824
12	16	7.0818364451008655
12	15	6.618610469344786
12	14	6.982887809667565
13	12	13.414256390603235
13	11	9.148158790395318
13	10	17.186876882336698
13	9	6.3234704789599485
13	8	5.682145338538572
13	7	4.23185421137087
13	6	2.1820289177865035
13	5	2.0447313473690603
13	4	5.650611970874485
13	3	0.9383477543609104
13	2	2.835247834128281
13	1	4.614283033183004
13	24	7.665981482153821
13	23	7.698212625547996
13	22	13.255189555923021
13	21	6.326479146935652
13	20	5.76798565901535
13	19	2.700531480473633
13	18	1.0942830464865339
13	17	5.114499009986816
13	16	5.457202238244669
13	15	7.401354650598509
13	14	5.881989908432361
14	13	6.137841606486426
14	12	6.925346024472252
14	11	15.037969947586877
14	10	22.236559339530828
14	9	6.1643493894106465
14	8	3.971383338089648
14	7	1.945060008273839
14	6	1.0403414839729097
14	5	1.0909635160637243
14	4	4.986010176057035
14	3	1.043075312307156
14	2	0.9378955976344849
14	1	2.9649402707137336
14	24	3.722316071861637
14	23	10.956268791265467
14	22	12.83892541250774
14	21	4.2863975875208675
14	20	5.143137428517487
14	19	3.123633297757768
14	18	1.0317088655491515
14	17	7.66075968916939
14	16	7.678047872213995
14	15	13.571993789220652
15	13	7.437214093884252
15	12	7.685173289512896
15	11	14.484851545178575
15	10	37.48850085481859
15	9	9.695946082251796
15	8	5.603885358797758
15	7	4.943679676385119
15	6	2.1915984212995743
15	5	2.1109872822806155
15	4	4.659044292718213
15	3	0.961525468309859
15	2	0.9283258282174123
15	1	4.85515795274243
15	24	3.6564330709237836
15	23	9.259879884989314
15	22	23.541109861316322
15	21	8.268024147055396
15	20	10.950903080217207
15	19	7.8772643082492095
15	18	2.064255522898031
15	17	15.35079183946279
15	16	12.452024172477024
15	14	13.816309843923152
16	13	6.50582278993852
16	12	7.142768131802456
16	11	14.921828581153415
16	10	45.64488786210851
16	9	14.451715455399249
16	8	20.44351754468401
16	7	13.762308134617246
16	6	9.572601708221738
16	5	4.938600442986111
16	4	7.750112224576777
16	3	2.063267317832901
16	2	4.18375424866748
16	1	4.568546711119122
16	24	3.0792749235930534
16	23	4.8878030945180235
16	22	11.553775781233465
16	21	5.664928179026861
16	20	14.83571849604788
16	19	13.682650474837596
16	18	4.5783498605724136
16	17	27.418679575368955
16	15	12.23683425078188
16	14	7.590725767021903
17	13	5.315724452358689
17	12	6.558254780530276
17	11	10.365115119426076
17	10	36.80585320979538
17	9	8.9257190653755
17	8	13.17947345307729
17	7	10.19966795108656
17	6	5.286241004072352
17	5	2.115841057545221
17	4	5.4851653044686906
17	3	0.9506645020886971
17	2	1.8880953666710605
17	1	3.656626155544357
17	24	2.7412516428871587
17	23	5.496533443986817
17	22	18.658478358058336
17	21	5.865663503035801
17	20	16.62367476661557
17	19	16.33869989237214
17	18	5.734735591333754
17	16	28.600217857005063
17	15	13.725069704303007
17	14	6.574661865013282
18	13	1.0019795573963384
18	12	1.9444984598481172
18	11	1.8839245827348186
18	10	7.630319389205722
18	9	2.007955314574501
18	8	3.0876678812139184
18	7	2.1114539281883085
18	6	1.0924509171864702
18	4	0.9519529898997099
18	1	1.03382928567948
18	23	0.962592267915982
18	22	2.700534573273322
18	21	0.9540397397543846
18	20	4.134821002780858
18	19	3.006752672301701
18	17	5.985999081721923
18	16	5.178823032331979
18	15	1.9027802804754803
18	14	0.9696430537021306
19	13	3.299670990992357
19	12	2.7771450983082056
19	11	4.356635088990316
19	10	17.481087529354337
19	9	3.605516074262998
19	8	6.989311710231958
19	7	3.680973571542215
19	6	2.1646659855284662
19	5	0.9545372655024682
19	4	1.966332196019806
19	2	1.0140657064234888
19	1	2.999371561795232
19	24	0.9522921423151443
19	23	3.041754662024355
19	22	12.456036883428379
19	21	4.232542552444964
19	20	12.47479955328115
19	18	3.0013486469610053
19	17	16.685534050106956
19	16	12.011263632131866
19	15	8.042084233982237
19	14	2.9802271982472996
20	13	5.620006093365082
20	12	5.235271487048525
20	11	5.630206695037912
20	10	22.665133914819343
20	9	6.369491082200063
20	8	8.967609466954041
20	7	5.204782806104306
20	6	3.0158461925950766
20	5	1.0421653629726797
20	4	2.918058167333443
20	2	0.9385115153266399
20	1	2.98614604843202
20	24	3.758363904307055
20	23	7.300709366514699
20	22	25.377147443731335
20	21	11.335481996218085
20	19	11.839697709727828
20	18	4.137218635822218
20	17	16.580796217856058
20	16	16.371505237155205
20	15	10.32974021543434
20	14	5.199914052705076
21	13	6.548739404045966
21	12	3.2123157464996313
21	11	4.328211810113557
21	10	11.939813042847875
21	9	3.2715640527836856
21	8	4.1095528943795365
21	7	1.833155289441608
21	6	0.9038434480477032
21	5	0.9311420850600638
21	4	1.8903553962284312
21	1	1.0436973027287852
21	24	4.52198935219626
21	23	7.354302346489096
21	22	17.788306465079764
21	20	12.637369478706727
21	19	4.3359376474181195
21	18	1.058863177128549
21	17	5.495167714378429
21	16	5.646981445369828
21	15	7.9736777591012205
21	14	4.181943864719515
22	13	13.680043183679597
22	12	7.101076015124276
22	11	10.87776005589293
22	10	23.568710413704085
22	9	7.085380609165854
22	8	5.37093454698223
22	7	5.177764817366138
22	6	2.1096901522957268
22	5	1.9295657515682865
22	4	3.618942380579216
22	3	0.9166065733087728
22	2	0.9526698218132092
22	1	3.9135583704931953
22	24	10.245858043510296
22	23	20.499070266582073
22	21	19.054560474819944
22	20	26.185518592289966
22	19	10.998114156026878
22	18	3.0796778449312003
22	17	16.62334992507321
22	16	11.098615899301947
22	15	27.836536370910114
22	14	12.131489604038112
23	13	7.291613190044131
23	12	7.6504216738337245
23	11	13.839021912566073
23	10	17.796058068345662
23	9	5.030305477203099
23	8	2.8949326770072137
23	7	1.9376058530874378
23	6	0.916282071834955
23	5	1.0588600801034427
23	4	4.9924061852484165
23	3	1.0009816915746945
23	1	3.1408723599900523
23	24	7.169965789260864
23	22	21.17766320749416
23	21	7.057580429050916
23	20	7.0357945229950625
23	19	2.8016542216138465
23	18	1.0032155225120591
23	17	6.436580266351366
23	16	4.838026250896837
23	15	9.98532265137501
23	14	11.337300674809097
24	13	6.8495248438931196
24	12	5.0598012212236085
24	11	6.317388698094941
24	10	8.141634644008075
24	9	2.0333785098838875
24	8	2.115602234949245
24	7	1.0819948850784065
24	6	1.0313458160039093
24	4	2.129342734305798
24	1	1.027994692735124
24	23	7.480167632649818
24	22	11.48475732081467
24	21	5.389004422567356
24	20	4.088052369438783
24	19	0.945536889995901
24	17	3.1058076172975397
24	16	2.782774607081823
24	15	4.374925282187081
24	14	4.210095622859763
