1	5	1.4845178716198066
1	6	3.2978095147234248
1	7	5.620565274518611
1	8	9.146516949082262
1	9	3.6511505154920663
1	10	17.371418220314677
1	11	5.135241711565207
1	12	2.481820363991745
1	13	6.937572302736066
1	14	2.976948422198692
1	15	3.575615907152789
1	16	6.5100075211291735
1	17	3.1559008370706
1	18	1.3918557995532308
1	19	2.9681551691608146
1	20	2.637091747064563
1	21	1.0326952325697563
1	22	4.625232297861888
1	23	2.3039404725966746
1	24	0.663302774664362
1	4	6.371426436820652
1	3	1.3290978767567907
1	2	1.328770680837022
2	5	1.1461099567108517
2	6	2.906122072862317
2	7	1.9552679878659105
2	8	5.34502174889821
2	9	1.7354341329445875
2	10	4.9459231741823935
2	11	2.5042127756116224
2	12	1.126681483856363
2	13	3.888539058856768
2	14	0.628158973220281
2	15	1.348514034673916
2	16	4.721090202699248
2	17	1.5524004353771184
2	19	1.3205626033834108
2	20	0.9155918616676157
2	22	1.108593751927868
2	4	2.6476377779354
2	3	1.245611299024734
2	1	0.7627178276330371
3	1	1.1732244351292427
3	15	0.6048340154651628
3	5	1.3724940188498755
3	16	2.0953825042621963
3	6	4.129287250808771
3	17	1.0541112792264264
3	7	0.993868375924311
3	4	1.4107027282984177
3	8	1.45199063439575
3	9	0.6691485654042801
3	10	3.0291931580263043
3	11	3.722201805003956
3	22	0.9081226125775689
3	2	0.9840141015117565
3	23	0.8752360035487745
3	13	0.6515067469002918
3	12	2.1665001998203244
3	14	0.6898445031500422
4	5	4.934392160634192
4	6	3.50515858131007
4	7	3.503719914209105
4	8	4.360174269183573
4	9	6.840345457685725
4	10	10.899460138737172
4	11	18.16916638628414
4	12	6.72870731402319
4	13	7.479313129155747
4	14	5.967930796804133
4	15	4.742235725384419
4	16	10.291598987558427
4	17	4.774559801537997
4	18	1.038758379864912
4	19	2.511554442428774
4	20	2.4029608756284677
4	21	1.8194447008773655
4	22	3.801556488572346
4	23	3.458301020690328
4	24	2.32244188967168
4	3	1.9391230039850795
4	2	1.6439876192681113
4	1	4.605579527874696
5	6	1.6805645376905252
5	7	2.455514395242793
5	8	4.4051233016267135
5	9	6.26224064379668
5	10	6.828674451978605
5	11	3.433687364625838
5	12	2.4449820470253094
5	13	2.084599877409363
5	14	0.6426828531111204
5	15	2.242956781544022
5	16	5.629672132144359
5	17	2.075904188464904
5	19	1.0769985817348622
5	20	0.9287381310012253
5	21	0.8971663445837272
5	22	2.107145559987305
5	23	1.0731487472272436
5	4	6.221004895180351
5	3	1.1806994677136358
5	2	1.3266493362120717
5	1	1.9818122996771563
6	5	2.3231206208453328
6	7	5.051029123063557
6	8	5.610953711748639
6	9	3.705839023364497
6	10	10.238059544649849
6	11	3.423558085956407
6	12	2.3175058606871124
6	13	2.538637970326925
6	14	1.0417486009540626
6	15	1.8063344637367358
6	16	8.33993146773283
6	17	3.748588912637792
6	18	1.043264838287906
6	19	1.62109853720929
6	20	3.0399197614326496
6	21	1.1414956127367384
6	22	2.63007255282391
6	23	0.8458267141953797
6	24	1.0400744881123285
6	4	4.848782765342261
6	3	2.8477444170972257
6	2	2.4769184881907815
6	1	3.4206169066621412
7	5	1.9148787838453238
7	6	5.254672997925658
7	8	13.099364973524196
7	9	6.553185178324995
7	10	24.61226377136967
7	11	3.1005940657027486
7	12	8.032772027420375
7	13	4.492954127662243
7	14	2.2925033683223264
7	15	5.897510181259
7	16	11.972886066796798
7	17	11.786742312908098
7	18	1.746831289191801
7	19	2.9895589806983134
7	20	5.591842699597462
7	21	1.3676499076640227
7	22	4.507869524984402
7	23	1.422064357057443
7	24	1.2627420983610316
7	4	4.115247527299281
7	3	1.1446028091956684
7	2	2.340316579318217
7	1	4.139416716060183
8	5	5.728100722148344
8	6	8.691971146089102
8	7	12.12741083024425
8	9	8.349058741990733
8	10	15.990368457395016
8	11	5.5516172007254525
8	12	7.388719940532501
8	13	6.229159917438265
8	14	5.104894127698689
8	15	6.721649281634299
8	16	20.72513831252098
8	17	14.112403204289173
8	18	4.006665298841959
8	19	6.867289449234871
8	20	6.100526543055601
8	21	4.346714182616431
8	22	5.743492171623664
8	23	3.304782813985411
8	24	1.8561792473512282
8	4	5.624192340931154
8	3	1.7413333925484353
8	2	4.298560127186902
8	1	10.377814613378206
9	5	10.828233946191803
9	6	3.7145852269233743
9	7	3.850258670733105
9	8	7.420316904088448
9	10	23.228883693970303
9	11	15.157469023955056
9	12	6.432827238298422
9	13	5.6497325218111225
9	14	6.734253108861598
9	15	11.577124665246647
9	16	14.012623757940162
9	17	12.050614406494066
9	18	1.5663006774864532
9	19	5.241973874909219
9	20	3.7469385723440745
9	21	1.8160449629955593
9	22	7.820929495190029
9	23	6.24172870756108
9	24	1.4798756218517666
9	4	7.9614169093954805
9	3	0.8851992666939157
9	2	2.1822154409158494
9	1	4.288915795388608
10	5	6.4348709611077695
10	6	7.382654877164284
10	7	13.37392918927291
10	8	15.559374600647073
10	9	34.50991955843196
10	11	30.712225454036044
10	12	15.5781484570503
10	13	21.642102209607007
10	14	19.707726819357312
10	15	29.542627075278382
10	16	50.97608705448235
10	17	41.868067915214596
10	18	6.860411545451429
10	19	19.260629188833335
10	20	30.78290907765564
10	21	13.697705906835546
10	22	15.9074982078781
10	23	20.078790335319447
10	24	7.756814658391871
10	4	14.96992874465614
10	3	3.191071094438177
10	2	4.818411169166199
10	1	10.941153323795936
11	5	6.472897198060248
11	6	4.626537334114333
11	7	6.010166670243418
11	8	7.249714695089343
11	9	17.288162000416584
11	10	38.02662874095216
11	12	9.422083586385547
11	13	7.752517699566619
11	14	21.026464611452784
11	15	17.15487823523925
11	16	14.516239687539754
11	17	13.933756735616274
11	18	0.6868361844807906
11	19	3.3440316697508137
11	20	3.8844419672583124
11	21	3.954390681668131
11	22	9.800678569842828
11	23	9.360722854214268
11	24	8.231072628508908
11	4	11.851180701244349
11	3	2.564192746527713
11	2	2.13053037950561
11	1	4.115073432170248
12	5	1.9732828890476586
12	6	1.3753951443444148
12	7	8.311222864992141
12	8	4.740559039859608
12	9	6.150175871917423
12	10	19.78721508588514
12	11	19.092692378727623
12	13	13.357114110574987
12	14	5.064653377777843
12	15	6.998013756656455
12	16	6.727760369457485
12	17	5.843501955558837
12	18	1.9135357647740423
12	19	3.104218949936988
12	20	3.8414979387148427
12	21	3.186989555532101
12	22	9.443863652807028
12	23	6.587357951581526
12	24	5.600473943150391
12	4	5.6822493995636405
12	3	1.2292353474764555
12	2	0.6336407571173752
12	1	1.7434203763201546
13	5	2.267195604779069
13	6	1.8493728627729822
13	7	4.263370483597474
13	8	4.636282368791397
13	9	5.567353236348822
13	10	25.824475493324503
13	11	9.229169851727292
13	12	8.47861672523835
13	14	7.048760924112326
13	15	5.205976551231008
13	16	6.221777818928256
13	17	4.662910355999826
13	18	0.6641237845696302
13	19	3.2454720040117127
13	20	6.104865214353301
13	21	4.4734220875574895
13	22	11.00804382646876
13	23	7.00354635973722
13	24	7.807830081312868
13	4	7.2720697229785305
13	3	0.9808769660508517
13	2	2.96399371761362
13	1	4.700658063243962
14	5	0.746430298883176
14	6	0.8942334264112624
14	7	1.9299912903064138
14	8	4.8887507286135055
14	9	7.65045253306846
14	10	19.542174734043563
14	11	20.307310037788305
14	12	7.468551420197741
14	13	4.274029615082762
14	15	9.609645033017554
14	16	8.737491078211253
14	17	7.105878391758326
14	18	1.2036211498585625
14	19	2.7977263980486438
14	20	4.898457984657512
14	21	5.550948386164842
14	22	7.23944367493994
14	23	9.692903421835464
14	24	4.062264225891948
14	4	5.473265479884313
14	3	0.9151289995056084
14	2	1.3245734757114647
14	1	3.766246952829404
15	5	1.4589618705799698
15	6	2.5077423188560966
15	7	6.452027784932687
15	8	5.184707502144489
15	9	10.556491517078676
15	10	27.067975016165448
15	11	9.161023327066257
15	12	5.991725236781123
15	13	5.298010151640133
15	14	16.92053715034638
15	16	12.181447542624413
15	17	11.607508456550512
15	18	1.839160569190215
15	19	6.441996418712528
15	20	8.541599001047631
15	21	6.249300226725321
15	22	27.481370529760888
15	23	12.964968822632192
15	24	3.698040562042336
15	4	5.307405941621085
15	3	1.3786760044710267
15	2	0.9476379504865556
15	1	4.210260576836805
16	5	3.4878380501558306
16	6	9.337758279612519
16	7	11.241918792615504
16	8	29.67420188814207
16	9	14.169032027545333
16	10	54.44369659430359
16	11	11.509190049571247
16	12	9.668806156927484
16	13	8.321174563654463
16	14	8.17324055747065
16	15	8.110241985620265
16	17	28.243395195660057
16	18	3.7672804324850584
16	19	12.660730039286996
16	20	10.705291932611694
16	21	4.984507093348121
16	22	8.179032895329168
16	23	6.538718326332148
16	24	2.6437309434072205
16	4	5.840752918114643
16	3	2.043079333343065
16	2	2.8131347531555475
16	1	4.540690931366481
17	5	1.226818044472125
17	6	3.0428886729220324
17	7	12.892262541393507
17	8	18.985813443262664
17	9	6.025167646540322
17	10	33.38287626340509
17	11	8.893554889676416
17	12	7.052385743249645
17	13	3.5987631080852034
17	14	8.563705536268605
17	15	11.140041266677049
17	16	35.99578946920196
17	18	8.22220986192854
17	19	18.624914804134328
17	20	10.304087661341377
17	21	7.092279593966488
17	22	12.019701054490222
17	23	5.070821060804182
17	24	3.930000552370564
17	4	5.522691821394839
17	3	1.283282964485164
17	2	1.6068070391970868
17	1	4.196642104985912
18	6	1.2895572857880393
18	7	2.424080415098558
18	8	2.9475518537035614
18	9	2.2129544861368875
18	10	6.600006693200385
18	11	1.2187220348199073
18	12	1.320855110068572
18	13	0.9143065025817043
18	14	1.271460913970246
18	15	2.108752750737831
18	16	6.665352296101182
18	17	6.413797935629002
18	19	2.469725254639007
18	20	4.7794091345063405
18	21	1.2160734963125692
18	22	2.7191458698169115
18	23	0.7266758321331709
18	4	1.1793543281615957
18	1	0.7013407323550285
19	5	1.3188862864249096
19	6	2.6325140473372546
19	7	3.8695382358820236
19	8	7.65315215377027
19	9	5.106355557079623
19	10	12.28197463706071
19	11	5.296758563817912
19	12	3.2871086677693677
19	13	3.998234060243582
19	14	4.141597162131175
19	15	5.932774803870895
19	16	10.92486503730329
19	17	19.09566560041563
19	18	3.440207071196234
19	20	8.989348458325829
19	21	2.999655658069873
19	22	15.497414831563969
19	23	1.960743006152326
19	24	0.9108207912923081
19	4	2.1563154944764733
19	2	1.2310108990616015
19	1	4.037961388537146
20	5	1.217745210324488
20	6	2.433701844832883
20	7	3.4821776176388863
20	8	8.541436993713921
20	9	4.339668430161012
20	10	20.283531185280935
20	11	5.388173053797249
20	12	4.831284136804342
20	13	8.213318832411032
20	14	4.978424358744713
20	15	7.625329862833167
20	16	19.87903731940314
20	17	19.224562804107197
20	18	3.632984545647509
20	19	9.467413847421833
20	21	16.079195008819383
20	22	23.628826470323922
20	23	7.14725855629923
20	24	4.052459442835661
20	4	3.723637649552767
20	2	1.1723449979118266
20	1	2.668948133846734
21	5	0.9169999897161596
21	6	1.1932278679069384
21	7	1.9511149555695217
21	8	3.339400281458091
21	9	2.7543726159342423
21	10	11.093116133463665
21	11	4.972730804174775
21	12	3.245087833591421
21	13	3.884068555656299
21	14	4.063842683308523
21	15	7.73275583891565
21	16	5.859122119130314
21	17	5.473324958115811
21	18	1.1758637354496972
21	19	3.9453749259616453
21	20	16.08404492307944
21	22	23.0417631349459
21	23	6.215809761746322
21	24	5.39153573056714
21	4	1.5782690568426867
21	1	0.761447524210938
22	5	2.7035233638709526
22	6	1.822029876146048
22	7	4.998380124535747
22	8	4.243514856872891
22	9	7.943087427057434
22	10	31.778058522550015
22	11	14.260039277828263
22	12	8.074604939919075
22	13	14.285899850439533
22	14	9.664006592549573
22	15	23.923896917518775
22	16	14.420818143471285
22	17	23.641938961041305
22	18	2.1914804579061893
22	19	15.700243291978055
22	20	17.083089407176132
22	21	23.63511279449282
22	23	17.80399636129433
22	24	9.040375018115908
22	4	3.822445043294709
22	3	0.7040133310201486
22	2	1.2788832313453036
22	1	4.462657823795026
23	5	1.1430170275075204
23	6	0.79150852910799
23	7	2.236477668150717
23	8	2.6413472417394526
23	9	4.795374935613628
23	10	11.146296467896743
23	11	8.068758844571512
23	12	8.286524451760396
23	13	8.798769962036767
23	14	15.08468972039823
23	15	7.727909558430339
23	16	5.9255944591468115
23	17	7.779110585264394
23	18	0.7179814716762153
23	19	3.8543373179930875
23	20	8.24530650543562
23	21	4.255525331625285
23	22	14.99050998023146
23	24	6.948826965385718
23	4	4.810872935492903
23	3	1.1995329988473495
23	1	1.8271805768792648
24	6	0.6597606728083538
24	7	0.9943571519554648
24	8	2.684291580596761
24	9	2.20479903578226
24	10	5.780889675512915
24	11	7.927863502571795
24	12	4.286237639411363
24	13	8.152574817743663
24	14	4.6409189528194865
24	15	3.7040839917013253
24	16	3.883037927256542
24	17	3.687398655034817
24	19	0.7497790340867366
24	20	4.761425906057001
24	21	4.934873638831695
24	22	12.148860163566141
24	23	8.476509840997657
24	4	2.2102804404233396
24	1	0.9002609694046463
