1	24	0.9666588817393729
1	23	2.9819407372687943
1	22	3.9933477218932274
1	21	1.0237968045021786
1	20	2.899453528466448
1	19	3.066592605889552
1	18	1.011888682836038
1	17	4.181178671256199
1	16	5.238901924321969
1	15	4.838745508197929
1	14	3.1107263474724056
1	13	4.9565589818435205
1	12	1.9079225096429404
1	11	5.2061086160105035
1	10	13.211479792491353
1	9	5.232434485853185
1	8	8.082939155090111
1	7	4.843972977106736
1	6	2.862020904657348
1	5	1.9323682936421116
1	4	4.839232863148579
1	3	0.9683996321247759
1	2	0.9797429716327357
2	22	1.010911966603738
2	20	1.043072607885106
2	19	1.0471097525641453
2	17	1.9543889476138712
2	16	4.024155651965734
2	15	0.958781884707164
2	14	1.0148839668661713
2	13	2.925930204001304
2	12	1.03906458631423
2	11	2.0733101964134595
2	10	6.207852006779632
2	9	2.0629521028378877
2	8	3.8864817664200997
2	7	2.077945335007675
2	6	3.8941773586829203
2	5	1.0052927255615327
2	4	1.9568548885765076
2	3	1.0297027782654795
2	1	1.0437395294792333
3	13	0.9542238173166118
3	2	1.026658970998529
3	12	2.026666357485402
3	11	3.1482099504174923
3	1	0.9515551593075785
3	10	2.9790933390277017
3	17	1.0300745313584105
3	9	1.0389839841653041
3	16	2.041636246832145
3	8	1.9032510981706467
3	15	1.005783098134837
3	7	0.9764070643217542
3	23	0.9778197245925209
3	14	0.9781203998849335
3	6	3.0230586358040945
3	22	1.0315766339805443
3	5	0.995558324115295
3	4	2.018794213613613
4	24	1.9294568896147795
4	23	5.074608821918975
4	22	4.036192099615413
4	21	1.923069086599834
4	20	2.9063139900952395
4	19	2.005455677144146
4	18	1.01677924957683
4	17	4.953238568097294
4	16	7.711527573361848
4	15	5.101047816834847
4	14	5.139514385191461
4	13	6.180205082334046
4	12	6.07618580803547
4	11	13.538916973263952
4	10	11.77549792202037
4	9	6.961510790799805
4	8	7.032666309825561
4	7	3.9921586408887775
4	6	4.116430915824657
4	5	5.034771065320582
4	3	1.9577727563489127
4	2	1.9564790185353957
4	1	4.848964231311581
5	23	1.0073142067503795
5	22	1.9492582844876145
5	21	1.0175069105233285
5	20	0.9964055152914333
5	19	0.9611080505603181
5	17	1.9487123817512684
5	16	5.039325844113395
5	15	2.0591014378030903
5	14	1.0276876723706359
5	13	2.0592460363410408
5	12	1.9245567110492754
5	11	4.791332282054162
5	10	9.58008523944608
5	9	7.663761385199572
5	8	5.133048563461178
5	7	2.0847191858103495
5	6	2.0170983367692643
5	4	4.831788208024007
5	3	1.0494327004244686
5	2	1.027500851297554
5	1	2.0403412149738496
6	24	1.0063549211724825
6	23	0.9804216104527426
6	22	2.051656974645921
6	21	0.9508797560651843
6	20	3.1089965323894706
6	19	2.0527514865156333
6	18	0.9796008034970584
6	17	5.193263138325584
6	16	8.819633339330872
6	15	1.9459876009784935
6	14	1.0158475200406247
6	13	2.02521454210072
6	12	1.9480869552272355
6	11	4.011034728295847
6	10	7.816330160228885
6	9	3.945881902575814
6	8	8.262558840698278
6	7	3.965235766763124
6	5	2.0871580304970077
6	4	3.861500440531533
6	3	2.931567311330801
6	2	4.091045288085939
6	1	3.0797292989009124
7	24	1.030532762378696
7	23	2.067165635693586
7	22	5.228791507494276
7	21	2.0120897591377864
7	20	5.025390715025572
7	19	4.003001408323396
7	18	2.0965381327757564
7	17	10.209756645115299
7	16	14.455415288427853
7	15	4.819224666304164
7	14	2.080019106796212
7	13	4.175029740398738
7	12	7.243119690595746
7	11	5.04221001106766
7	10	18.229822139721964
7	9	5.745651419938686
7	8	9.97850642111425
7	6	3.8343920848239517
7	5	2.049314930737391
7	4	3.9428240710735833
7	3	0.9782136773578727
7	2	2.0306128808954846
7	1	4.976649236432781
8	24	2.069972393913272
8	23	2.909149636658559
8	22	5.15325360984792
8	21	4.04401441913737
8	20	9.11132347110237
8	19	6.955363650880625
8	18	2.9475189881613266
8	17	13.790833346621996
8	16	22.563700980390667
8	15	6.151735309805119
8	14	3.806117090986002
8	13	6.235795289241512
8	12	5.767969653539613
8	11	7.970315750079938
8	10	15.631348848862084
8	9	8.161786431214647
8	7	10.001783624334177
8	6	8.092246434679156
8	5	5.17127786502873
8	4	7.179527118301268
8	3	1.9363137040012504
8	2	4.120613101674064
8	1	7.651556349857167
9	24	2.0509317391931763
9	23	4.839988020960025
9	22	7.080390581451399
9	21	2.9110933420838565
9	20	5.987502754281856
9	19	4.110974186892257
9	18	2.054100722993188
9	17	9.35008404360268
9	16	14.290426680132844
9	15	8.92331970015071
9	14	6.231072822994305
9	13	5.751735706864863
9	12	5.955699386959392
9	11	14.217711465221333
9	10	27.250919652789396
9	8	7.877498512428821
9	7	6.205719387102461
9	6	3.922198537518523
9	5	8.14649735608208
9	4	6.871831947660508
9	3	1.0220325049494847
9	2	2.0073169257817813
9	1	4.791424276359692
10	24	7.8639746237161425
10	23	18.096260220833518
10	22	26.697202663494572
10	21	12.23061443477139
10	20	25.68611412284968
10	19	18.026782098388722
10	18	6.650901261135005
10	17	38.770288887585274
10	16	45.65965857625309
10	15	40.096022869976544
10	14	20.775776584067305
10	13	18.660438803094056
10	12	19.41495176987654
10	11	39.84374051505005
10	9	26.754708713444245
10	8	16.56947462171615
10	7	18.372546142488627
10	6	8.236850694256303
10	5	10.32656009323279
10	4	11.78761487513286
10	3	2.948168183125474
10	2	5.874489534914449
10	1	12.477997062403102
11	24	6.177491613310429
11	23	12.95889390204987
11	22	10.898975933165104
11	21	3.949425261677255
11	20	6.237789374699599
11	19	4.175739858422537
11	18	1.0142236242930471
11	17	10.457284936528282
11	16	14.25065589240683
11	15	14.359148548377439
11	14	15.54134579107838
11	13	10.196076837548038
11	12	13.994365122194983
11	10	39.60512664633928
11	9	13.501452842688522
11	8	8.249476650289136
11	7	4.990003489480643
11	6	3.8098621099296914
11	5	4.780555763926665
11	4	15.278742085167572
11	3	3.045780166804459
11	2	2.0719178087711816
11	1	4.771974850327717
12	24	4.789280821923253
12	23	6.913726934300154
12	22	6.952824100476654
12	21	3.0050167772524135
12	20	3.895997912724517
12	19	3.0815540345058214
12	18	2.0249871357948854
12	17	6.047973745765548
12	16	6.964480086561882
12	15	6.746008699290097
12	14	7.119511528023015
12	13	12.970404234432873
12	11	14.011814119684006
12	10	20.02313110698301
12	9	5.925092032457144
12	8	5.912841231934667
12	7	7.1845184522417
12	6	2.008338001486814
12	5	2.0833331192623064
12	4	5.828886911331892
12	3	2.099415483789606
12	2	1.0089759206251874
12	1	2.0046168574893466
13	24	7.707752758419283
13	23	7.7777203824614185
13	22	13.330463288798324
13	21	6.0392166200851145
13	20	5.8769157166626425
13	19	3.0329234761502954
13	18	0.9938962976227027
13	17	5.1481299210754825
13	16	5.924493832570324
13	15	6.720480057410617
13	14	6.048224730927206
13	12	13.11311644443253
13	11	10.313740231079219
13	10	18.286131717496477
13	9	6.19540299309241
13	8	6.187851778447627
13	7	4.13407413904775
13	6	2.0250517921750575
13	5	2.068085870489541
13	4	6.0129847324286025
13	3	1.0285628703688574
13	2	2.8949636520332516
13	1	4.808629785715098
14	24	3.896308021836629
14	23	10.567174082345348
14	22	11.507213602955805
14	21	3.820516724232694
14	20	4.999849505550724
14	19	3.1447471656677033
14	18	0.953747479826329
14	17	6.946700139052073
14	16	7.2135126602970665
14	15	13.180112875484626
14	13	5.745453354803312
14	12	6.913797139400348
14	11	16.225186405178526
14	10	20.57049149999389
14	9	6.099466009813451
14	8	4.14967119659706
14	7	2.0999292462323673
14	6	1.0478017352508862
14	5	0.9555692018407095
14	4	4.811294000676833
14	3	1.0233117761183392
14	2	0.9954845169921147
14	1	2.8627061206487685
15	24	4.029312070962753
15	23	10.405075386508535
15	22	27.198877678975396
15	21	8.2435567136847
15	20	11.123467043829006
15	19	7.803580056970666
15	18	2.0275990308491076
15	17	15.47834939827475
15	16	11.888871190263231
15	14	12.955366861553308
15	13	7.015742140023406
15	12	7.209483309994743
15	11	13.939024418291059
15	10	39.1055775326288
15	9	9.942283770583757
15	8	6.021659293458461
15	7	4.943628839659671
15	6	1.9570335872608893
15	5	2.0016189725647253
15	4	4.882344692215227
15	3	0.9530399085970874
15	2	0.9736245941220286
15	1	5.0662296663878585
16	24	3.1145724958378036
16	23	5.120320047465255
16	22	11.69657260077964
16	21	6.298686773720254
16	20	15.465422000159275
16	19	12.447088850535353
16	18	5.200132547890819
16	17	27.9221970749655
16	15	11.602284114921705
16	14	6.763990305488605
16	13	6.021957292361268
16	12	7.071156101925041
16	11	14.458109125437165
16	10	44.28114304501604
16	9	14.649242238323257
16	8	21.4591046485096
16	7	14.124090903022323
16	6	9.340231175747963
16	5	4.934230875566668
16	4	7.620668001423821
16	3	1.9786543973797779
16	2	4.0671808611564115
16	1	5.153498175344024
17	24	3.098002707518307
17	23	6.15211373183009
17	22	17.040573479442436
17	21	5.96563593785926
17	20	16.65756132466964
17	19	16.38097632369412
17	18	5.736596506920656
17	16	27.989913538101074
17	15	15.454011596441074
17	14	6.930898012861371
17	13	4.929462297386997
17	12	5.753940203169707
17	11	9.638177131808213
17	10	40.949726313588016
17	9	8.693768425106331
17	8	14.522775845537188
17	7	10.241765175286112
17	6	4.858421869945554
17	5	1.932878462093201
17	4	5.062752957879329
17	3	1.0363176734086297
17	2	1.9024727287131493
17	1	4.050040309256978
18	23	0.9613197988184441
18	22	2.9987288138697656
18	21	0.9627466184744029
18	20	4.076885710828422
18	19	3.0649000194164366
18	17	5.852396906914463
18	16	5.175677511028968
18	15	2.025775173014397
18	14	0.9775808781660279
18	13	0.9792843092178198
18	12	1.9886884705820473
18	11	1.9994906175899878
18	10	6.773457500662598
18	9	2.0497094086266574
18	8	2.934492372494267
18	7	1.9193563585494489
18	6	0.9872618673881722
18	4	0.9617106253440587
18	1	1.011256229201911
19	24	1.0186917478414694
19	23	2.8903795580588163
19	22	12.073499868610401
19	21	3.8631661762011444
19	20	11.909637999071649
19	18	3.0351915967094003
19	17	16.387472988050913
19	16	12.740523919290403
19	15	7.9272227615682205
19	14	3.050070188470542
19	13	2.880574838969544
19	12	3.0322628170272985
19	11	3.9291209860296137
19	10	17.561339855906002
19	9	4.146294532960651
19	8	7.0819290226365155
19	7	3.9726221269270443
19	6	2.023171436317914
19	5	0.9792053488940711
19	4	1.969280747192357
19	2	0.9981667794630014
19	1	3.042007147767939
20	24	4.0352368475723885
20	23	7.306766176893454
20	22	23.289660867942132
20	21	11.712629875934313
20	19	12.475412696608021
20	18	3.9632223164940816
20	17	17.694508258051645
20	16	15.557885563896109
20	15	10.57209090309429
20	14	4.759986258794374
20	13	5.955367818474498
20	12	5.117597708565875
20	11	5.853356879151315
20	10	24.634316230227498
20	9	5.909532692541115
20	8	8.558562199825912
20	7	5.217792754253407
20	6	2.9053779432118927
20	5	1.009323430602053
20	4	3.108691492105529
20	2	1.0346910273497578
20	1	3.1130797768061678
21	24	5.006071578806909
21	23	7.282226559692996
21	22	17.60261025028452
21	20	11.974572225131672
21	19	3.802615783169681
21	18	0.9873047791827599
21	17	6.238590341531366
21	16	6.212067364398114
21	15	7.629029092866285
21	14	3.8587640140273516
21	13	5.7231845965627715
21	12	2.9212922962523087
21	11	3.8091824081993613
21	10	12.15726417089671
21	9	2.943089695548276
21	8	4.062810362691083
21	7	2.0664311119433827
21	6	0.9842706507669796
21	5	1.0281051271563915
21	4	1.9726228645907895
21	1	1.0105911538369188
22	24	11.402547962384366
22	23	21.790756350639583
22	21	17.560464987145316
22	20	24.247273048489767
22	19	12.028847706821331
22	18	2.981848301715149
22	17	17.05185412490334
22	16	12.079380044491014
22	15	26.38054202281574
22	14	11.635140258671612
22	13	13.231114009637007
22	12	7.091544668990295
22	11	11.225995434751066
22	10	27.072832071238782
22	9	6.966287898742438
22	8	5.18664468956175
22	7	4.897604984147797
22	6	1.986577952634283
22	5	1.9968344294239764
22	4	4.114063348217838
22	3	0.9700455567648644
22	2	1.0346567858241107
22	1	3.8176150933967015
23	24	7.110293853498171
23	22	20.33634276419974
23	21	7.063496285856576
23	20	6.878535119998181
23	19	2.9425949832284335
23	18	1.0399159494561674
23	17	6.123976319192215
23	16	5.12275255112444
23	15	10.379323096019535
23	14	11.177763029708807
23	13	8.04461245886526
23	12	6.940904512116058
23	11	13.169322140788106
23	10	18.365396905747858
23	9	4.984803774079768
23	8	3.023750948106917
23	7	2.0968651728872136
23	6	0.9817300853037685
23	5	1.0183206452090017
23	4	4.8300684945438235
23	3	0.9518986624565521
23	1	2.9627376090397046
24	23	7.013172572858056
24	22	10.718879484111325
24	21	4.981935657817422
24	20	3.8345715424054525
24	19	1.0038826759503885
24	17	2.9691768102711213
24	16	2.854974403553304
24	15	4.009185883398301
24	14	3.8661067304159977
24	13	6.846055021096822
24	12	5.1322259390374505
24	11	6.236741897518874
24	10	8.216613645636908
24	9	2.046375580621139
24	8	2.0126892432527503
24	7	0.9765798056545129
24	6	1.017182905593368
24	4	2.0460407854073157
24	1	1.0118587341875365
