1	2	1	26.000000033908574
1	2	2	0
1	2	3	4.997117582006595
1	2	4	1.9999999850988388
1	2	5	0.0021897958377748703
1	2	6	0
1	2	7	0
1	2	8	0
1	2	9	0.0006820705089933927
1	2	10	3.2626399751904183
1	2	11	1.9999999850988388
1	2	12	2.6646732067578562
1	2	13	3.0
1	2	14	0.9999999925494194
1	2	15	0
1	2	16	0
1	2	17	0
1	2	18	0
1	2	19	0
1	2	20	0
1	2	21	0
1	2	22	0
1	2	23	0
1	2	24	0.009198599553010417
1	3	1	61.99999996609142
1	3	2	9.999999957773461
1	3	3	0
1	3	4	0
1	3	5	0
1	3	6	3.76537882711536
1	3	7	0
1	3	8	3.246570866130743
1	3	9	0
1	3	10	0
1	3	11	0
1	3	12	0
1	3	13	0
1	3	14	0
1	3	15	0
1	3	16	0.28060052532818236
1	3	17	0
1	3	18	1.888587490082531
1	3	19	0
1	3	20	0
1	3	21	0
1	3	22	0
1	3	23	0
1	3	24	0
2	1	1	0
2	1	2	10.999999957773461
2	1	3	0
2	1	4	0
2	1	5	0
2	1	6	6.76537882711536
2	1	7	5.0
2	1	8	11.24657086613074
2	1	9	0
2	1	10	0
2	1	11	0
2	1	12	0
2	1	13	0
2	1	14	0
2	1	15	0
2	1	16	5.280600525328181
2	1	17	0
2	1	18	2.888587490082531
2	1	19	0
2	1	20	2.999999977648258
2	1	21	0
2	1	22	0
2	1	23	0
2	1	24	0
2	6	1	25.000000033908574
2	6	2	29.00000004222654
2	6	3	3.997117582006597
2	6	4	0
2	6	5	0
2	6	6	0
2	6	7	0
2	6	8	0
2	6	9	0
2	6	10	0
2	6	11	0
2	6	12	1.6646732067578562
2	6	13	0
2	6	14	0
2	6	15	0
2	6	16	0
2	6	17	0
2	6	18	0
2	6	19	0
2	6	20	0
2	6	21	0
2	6	22	0
2	6	23	0
2	6	24	0.009198599553010417
3	1	1	0
3	1	2	0
3	1	3	5.997117582006594
3	1	4	6.999999985098839
3	1	5	2.0021897959978783
3	1	6	0
3	1	7	0
3	1	8	0
3	1	9	5.0006820708280415
3	1	10	16.262639975190414
3	1	11	6.999999985098839
3	1	12	4.664673206757852
3	1	13	8.0
3	1	14	3.9999999925494194
3	1	15	5.0
3	1	16	0
3	1	17	4.0
3	1	18	0
3	1	19	3.0
3	1	20	0
3	1	21	1.0
3	1	22	4.0
3	1	23	3.0
3	1	24	1.0091985995530104
3	4	1	45.00000002192152
3	4	2	4.999999957773461
3	4	3	17.002882388191082
3	4	4	0
3	4	5	0
3	4	6	0
3	4	7	0
3	4	8	0
3	4	9	0
3	4	10	0
3	4	11	0
3	4	12	39.34865257986483
3	4	13	26.73010763953718
3	4	14	0
3	4	15	0
3	4	16	0
3	4	17	0
3	4	18	0
3	4	19	0
3	4	20	0
3	4	21	1.9999999850988388
3	4	22	0
3	4	23	0
3	4	24	4.990801355774098
3	12	1	15.999999944169895
3	12	2	4.0
3	12	3	5.000000029802322
3	12	4	15.99999999930409
3	12	5	4.0
3	12	6	4.999999988971655
3	12	7	7.911158380225735
3	12	8	12.0
3	12	9	13.999999873383542
3	12	10	0.30691684322553153
3	12	11	0
3	12	12	0
3	12	13	0
3	12	14	0
3	12	15	0.4454996335938817
3	12	16	6.999999947845936
3	12	17	6.575405167750665
3	12	18	1.9999999734994662
3	12	19	4.805593842094126e-05
3	12	20	0
3	12	21	0
3	12	22	0
3	12	23	0
3	12	24	0
4	3	1	0
4	3	2	0
4	3	3	0
4	3	4	24.99999998440293
4	3	5	7.002189795997879
4	3	6	4.2346211618562934
4	3	7	8.911158380225723
4	3	8	10.75342913386926
4	3	9	20.00068194421157
4	3	10	19.569556818415947
4	3	11	9.999999985098839
4	3	12	0
4	3	13	0
4	3	14	4.999999992549419
4	3	15	6.445499588890396
4	3	16	8.719399422517746
4	3	17	11.575405167750668
4	3	18	0.11141248341693523
4	3	19	3.0000480559384206
4	3	20	0
4	3	21	0
4	3	22	0
4	3	23	0
4	3	24	0
4	5	1	31.999999976254525
4	5	2	0
4	5	3	11.002882417871147
4	5	4	66.99999991662554
4	5	5	0
4	5	6	0
4	5	7	0
4	5	8	0
4	5	9	0
4	5	10	0
4	5	11	9.000000032247467
4	5	12	33.34865257986483
4	5	13	20.73010763953718
4	5	14	1.9999999925494194
4	5	15	0
4	5	16	0
4	5	17	0
4	5	18	0
4	5	19	0
4	5	20	0
4	5	21	0
4	5	22	0
4	5	23	2.0
4	5	24	2.990801361235324
4	11	1	8.000000045667015
4	11	2	2.9999999925494194
4	11	3	3.999999970319932
4	11	4	24.000000098971526
4	11	5	7.0
4	11	6	6.0
4	11	7	0
4	11	8	0
4	11	9	0
4	11	10	0
4	11	11	0
4	11	12	0
4	11	13	0
4	11	14	0
4	11	15	0
4	11	16	0
4	11	17	0
4	11	18	0
4	11	19	0
4	11	20	0
4	11	21	0
4	11	22	0
4	11	23	0
4	11	24	0
5	4	1	0
5	4	2	0
5	4	3	0
5	4	4	0
5	4	5	19.002189795997868
5	4	6	14.2346211618563
5	4	7	12.911158400503373
5	4	8	17.75342913386927
5	4	9	27.00068194421157
5	4	10	31.569556818415943
5	4	11	0
5	4	12	0
5	4	13	0
5	4	14	0
5	4	15	11.4454995516375
5	4	16	16.719399422517757
5	4	17	16.575405167750663
5	4	18	1.1114124834169352
5	4	19	5.000048055938421
5	4	20	3.0
5	4	21	0
5	4	22	4.0
5	4	23	0
5	4	24	0
5	6	1	0
5	6	2	0
5	6	3	3.8309422695393294
5	6	4	26.80791863298117
5	6	5	15.410652742999483
5	6	6	0
5	6	7	0
5	6	8	0
5	6	9	5.9993179291719585
5	6	10	10.737359920501452
5	6	11	4.000000022175544
5	6	12	7.194696169944252
5	6	13	8.009580477362281
5	6	14	0.9999999776482582
5	6	15	2.999999977648258
5	6	16	0
5	6	17	0
5	6	18	0
5	6	19	0
5	6	20	0
5	6	21	0
5	6	22	0
5	6	23	1.0
5	6	24	0.9908013830629459
5	9	1	29.999999976254525
5	9	2	8.99999995344752
5	9	3	6.171940148331818
5	9	4	35.192081283644384
5	9	5	26.587157461002636
5	9	6	14.0
5	9	7	0
5	9	8	0
5	9	9	0
5	9	10	0
5	9	11	0
5	9	12	24.153956409920607
5	9	13	10.720527162174896
5	9	14	0
5	9	15	0
5	9	16	0
5	9	17	0
5	9	18	0
5	9	19	0
5	9	20	0
5	9	21	0
5	9	22	0
5	9	23	0
5	9	24	1.9999999781723776
6	2	1	0
6	2	2	0
6	2	3	0
6	2	4	0
6	2	5	0.9978102040021212
6	2	6	10.765378827115356
6	2	7	7.0
6	2	8	15.24657086613074
6	2	9	1.9993179142707977
6	2	10	2.7373600248095817
6	2	11	0
6	2	12	0
6	2	13	0
6	2	14	0
6	2	15	1.0
6	2	16	9.28060052532819
6	2	17	2.0
6	2	18	2.888587490082531
6	2	19	1.0
6	2	20	3.999999977648258
6	2	21	0
6	2	22	1.0
6	2	23	0
6	2	24	0
6	5	1	0
6	5	2	9.999999988223479
6	5	3	0
6	5	4	0
6	5	5	0
6	5	6	30.234621161856296
6	5	7	7.412446166196242
6	5	8	22.37927880092244
6	5	9	0
6	5	10	0
6	5	11	0
6	5	12	0
6	5	13	0
6	5	14	0
6	5	15	0
6	5	16	17.57254951202258
6	5	17	0
6	5	18	0.4588573745238415
6	5	19	0
6	5	20	0.00553210211299401
6	5	21	0
6	5	22	0
6	5	23	0
6	5	24	0
6	8	1	22.000000033908574
6	8	2	15.00000005400306
6	8	3	4.828059851545928
6	8	4	22.80791861808001
6	8	5	12.412842538997365
6	8	6	35.00000001102834
6	8	7	0
6	8	8	0
6	8	9	0
6	8	10	0
6	8	11	0
6	8	12	6.859369376702103
6	8	13	6.009580477362278
6	8	14	0
6	8	15	0
6	8	16	0
6	8	17	0
6	8	18	0
6	8	19	0
6	8	20	0
6	8	21	0
6	8	22	0
6	8	23	0
6	8	24	0
7	8	1	0
7	8	2	0
7	8	3	0
7	8	4	0
7	8	5	0
7	8	6	0
7	8	7	41.91115835579991
7	8	8	0
7	8	9	0
7	8	10	0
7	8	11	0
7	8	12	0
7	8	13	0
7	8	14	3.999999974311609
7	8	15	5.999999984974523
7	8	16	0.14818305156491474
7	8	17	4.923361485916694
7	8	18	9.999999973499467
7	8	19	9.999999992652905
7	8	20	25.999999903142452
7	8	21	5.0
7	8	22	8.0
7	8	23	3.0
7	8	24	2.0000000325909864
7	18	1	4.000000000078993
7	18	2	3.0000000018489956
7	18	3	0
7	18	4	4.000000000068028
7	18	5	1.0
7	18	6	8.999999996127183
7	18	7	79.08884164420014
7	18	8	42.99999987334013
7	18	9	11.797488836109128
7	18	10	0
7	18	11	0
7	18	12	3.2787447788697053
7	18	13	0
7	18	14	0
7	18	15	0
7	18	16	0
7	18	17	0
7	18	18	0
7	18	19	0
7	18	20	0
7	18	21	0
7	18	22	0
7	18	23	0
7	18	24	0
8	6	1	0
8	6	2	0
8	6	3	0
8	6	4	0
8	6	5	0
8	6	6	0
8	6	7	18.412446166196244
8	6	8	45.625849667053195
8	6	9	0
8	6	10	0
8	6	11	0
8	6	12	0
8	6	13	0
8	6	14	0
8	6	15	0
8	6	16	35.85315003735077
8	6	17	7.0
8	6	18	4.347444864606371
8	6	19	2.9999999926529046
8	6	20	7.005532079761253
8	6	21	1.0
8	6	22	3.0
8	6	23	0
8	6	24	0
8	7	1	9.00000000007899
8	7	2	5.000000001848996
8	7	3	1.0
8	7	4	8.000000000068027
8	7	5	3.0
8	7	6	12.999999996127183
8	7	7	0
8	7	8	52.99999987334013
8	7	9	17.797488791405637
8	7	10	0
8	7	11	0
8	7	12	10.278744778869708
8	7	13	0.3278559755380274
8	7	14	0
8	7	15	0
8	7	16	0
8	7	17	0
8	7	18	0
8	7	19	0
8	7	20	0
8	7	21	0
8	7	22	0
8	7	23	0
8	7	24	0
8	9	1	0
8	9	2	0
8	9	3	0
8	9	4	0
8	9	5	0
8	9	6	0
8	9	7	13.498712189603644
8	9	8	32.374150228638676
8	9	9	0
8	9	10	0
8	9	11	0
8	9	12	0
8	9	13	0
8	9	14	0
8	9	15	0
8	9	16	10.28134335149167
8	9	17	0
8	9	18	2.6525551088930928
8	9	19	0
8	9	20	9.994467823381196
8	9	21	0
8	9	22	0
8	9	23	0
8	9	24	0
8	16	1	5.000000033829583
8	16	2	6.000000052154064
8	16	3	1.8284014186091588
8	16	4	7.955776585110335
8	16	5	4.829802962011949
8	16	6	14.000000014901161
8	16	7	0
8	16	8	36.000000230968
8	16	9	3.1478868561617834
8	16	10	0
8	16	11	0
8	16	12	5.1082779632986
8	16	13	0
8	16	14	0
8	16	15	0
8	16	16	0
8	16	17	0
8	16	18	0
8	16	19	0
8	16	20	0
8	16	21	0
8	16	22	0
8	16	23	0
8	16	24	0
9	5	1	0
9	5	2	0
9	5	3	0
9	5	4	0
9	5	5	0
9	5	6	0
9	5	7	7.498712234307138
9	5	8	0.3741503329468159
9	5	9	40.999999873383544
9	5	10	52.3069167389174
9	5	11	0
9	5	12	0
9	5	13	0
9	5	14	0
9	5	15	16.445499529285748
9	5	16	4.146849910495178
9	5	17	18.575405167750663
9	5	18	0.6525551088930938
9	5	19	6.000048063285516
9	5	20	3.9944678978870063
9	5	21	1.0
9	5	22	6.0
9	5	23	0
9	5	24	0
9	8	1	0
9	8	2	0
9	8	3	0.000341567013735588
9	8	4	0.14785796709835627
9	8	5	0.41696037292980953
9	8	6	0
9	8	7	0
9	8	8	0
9	8	9	28.945375647567428
9	8	10	16.000000075813087
9	8	11	7.999999994654158
9	8	12	14.527653365466206
9	8	13	0.31827545792235357
9	8	14	0
9	8	15	0
9	8	16	0
9	8	17	0
9	8	18	0
9	8	19	0
9	8	20	0
9	8	21	0
9	8	22	0
9	8	23	0
9	8	24	0
9	10	1	24.999999976254518
9	10	2	6.999999953447521
9	10	3	5.171598581268587
9	10	4	28.04422331654602
9	10	5	18.17019703798805
9	10	6	10.0
9	10	7	0
9	10	8	23.99999989569187
9	10	9	92.05462447904902
9	10	10	0
9	10	11	0
9	10	12	3.62630313386136
9	10	13	4.402251704252544
9	10	14	0
9	10	15	0
9	10	16	0
9	10	17	0
9	10	18	0
9	10	19	0
9	10	20	0
9	10	21	0
9	10	22	0
9	10	23	0
9	10	24	0
10	9	1	0
10	9	2	0
10	9	3	0
10	9	4	0
10	9	5	0
10	9	6	0
10	9	7	0
10	9	8	0
10	9	9	0
10	9	10	96.30691681473049
10	9	11	21.99999998458223
10	9	12	0
10	9	13	0
10	9	14	6.0
10	9	15	26.445499529285748
10	9	16	7.8655065590034985
10	9	17	27.575405167750663
10	9	18	0
10	9	19	10.000048063285517
10	9	20	0
10	9	21	4.0
10	9	22	13.0
10	9	23	5.0
10	9	24	0
10	11	1	0
10	11	2	0
10	11	3	0
10	11	4	0
10	11	5	0
10	11	6	0
10	11	7	4.999999942469447
10	11	8	8.0
10	11	9	15.626371031759147
10	11	10	89.08457396817286
10	11	11	0
10	11	12	0
10	11	13	0
10	11	14	0
10	11	15	9.884160578061314
10	11	16	14.000000023945706
10	11	17	14.424594720490623
10	11	18	1.9999999850988388
10	11	19	5.766133873767306
10	11	20	4.987865321892397
10	11	21	0
10	11	22	8.4926642267468
10	11	23	0
10	11	24	0
10	15	1	7.999999987811347
10	15	2	0.9999999907004238
10	15	3	0.9999999998777457
10	15	4	10.999999886823229
10	15	5	5.999999992549419
10	15	6	2.0
10	15	7	0
10	15	8	0
10	15	9	32.3736290948573
10	15	10	145.3661696665259
10	15	11	14.944041477549677
10	15	12	9.607026098695982
10	15	13	0
10	15	14	0
10	15	15	0
10	15	16	0
10	15	17	0
10	15	18	0
10	15	19	0
10	15	20	0
10	15	21	0
10	15	22	0
10	15	23	0
10	15	24	0
10	16	1	0
10	16	2	0
10	16	3	0.17159858884142215
10	16	4	0.04422345207454031
10	16	5	0.17019701563630885
10	16	6	0
10	16	7	0
10	16	8	0
10	16	9	7.054624419487796
10	16	10	82.24233955057093
10	16	11	20.159210173781204
10	16	12	0.6129772023953526
10	16	13	0
10	16	14	0
10	16	15	0
10	16	16	0
10	16	17	0
10	16	18	0
10	16	19	0
10	16	20	0
10	16	21	0
10	16	22	0
10	16	23	0
10	16	24	0
10	17	1	3.9999999884431667
10	17	2	0
10	17	3	0.9999999925494194
10	17	4	4.999999977648258
10	17	5	1.9999999925494194
10	17	6	0
10	17	7	0
10	17	8	0
10	17	9	8.999999932944775
10	17	10	39.0
10	17	11	10.000000002655293
10	17	12	6.000000007450581
10	17	13	5.000000039416098
10	17	14	0
10	17	15	0
10	17	16	0
10	17	17	0
10	17	18	0
10	17	19	0
10	17	20	0
10	17	21	0
10	17	22	0
10	17	23	0
10	17	24	0
11	4	1	0
11	4	2	0
11	4	3	0
11	4	4	0
11	4	5	0
11	4	6	0
11	4	7	0
11	4	8	0
11	4	9	0
11	4	10	0
11	4	11	34.00000001734631
11	4	12	0
11	4	13	0
11	4	14	11.999999985098839
11	4	15	0
11	4	16	0
11	4	17	0
11	4	18	0
11	4	19	0
11	4	20	0
11	4	21	0
11	4	22	0
11	4	23	7.000000025589608
11	4	24	0
11	10	1	0
11	10	2	0
11	10	3	0
11	10	4	0
11	10	5	0
11	10	6	0
11	10	7	0
11	10	8	0
11	10	9	0
11	10	10	0
11	10	11	106.10325163856842
11	10	12	32.593700264087495
11	10	13	19.59774833516356
11	10	14	0.8352717173272018
11	10	15	0
11	10	16	0
11	10	17	0
11	10	18	0
11	10	19	0
11	10	20	0
11	10	21	0
11	10	22	0
11	10	23	14.289276819139644
11	10	24	2.614514667742606
11	12	1	0
11	12	2	0
11	12	3	0
11	12	4	0
11	12	5	0
11	12	6	0
11	12	7	0
11	12	8	0
11	12	9	0
11	12	10	38.69308315677447
11	12	11	24.0
11	12	12	0
11	12	13	0
11	12	14	6.999999843537808
11	12	15	6.554500401124589
11	12	16	0
11	12	17	4.424594794996432
11	12	18	0
11	12	19	2.9999519217098376
11	12	20	0
11	12	21	0
11	12	22	0
11	12	23	0
11	12	24	0
11	14	1	3.000000045667014
11	14	2	0.9999999850988388
11	14	3	0.9999999926716737
11	14	4	10.000000098971523
11	14	5	2.0
11	14	6	2.0
11	14	7	0
11	14	8	0
11	14	9	1.6263708976486997
11	14	10	10.391490811398317
11	14	11	58.89674834408532
11	14	12	7.392973858931233
11	14	13	0.460893673356592
11	14	14	0
11	14	15	0
11	14	16	0
11	14	17	0
11	14	18	0
11	14	19	0
11	14	20	0
11	14	21	0
11	14	22	0
11	14	23	0
11	14	24	0
12	3	1	0
12	3	2	0
12	3	3	0
12	3	4	0
12	3	5	0
12	3	6	0
12	3	7	0
12	3	8	0
12	3	9	0
12	3	10	0
12	3	11	0
12	3	12	46.0133257866227
12	3	13	35.730107639537174
12	3	14	0
12	3	15	0
12	3	16	0
12	3	17	0
12	3	18	0
12	3	19	0
12	3	20	0
12	3	21	2.999999985098839
12	3	22	5.0
12	3	23	3.9999999744103927
12	3	24	5.999999955327107
12	11	1	0
12	11	2	0
12	11	3	0
12	11	4	0
12	11	5	0
12	11	6	0
12	11	7	0
12	11	8	0
12	11	9	0
12	11	10	0
12	11	11	0
12	11	12	53.986674123018766
12	11	13	30.058642008520145
12	11	14	0
12	11	15	0
12	11	16	0
12	11	17	0
12	11	18	0
12	11	19	0
12	11	20	0
12	11	21	0
12	11	22	0
12	11	23	0
12	11	24	0
12	13	1	13.999999944169895
12	13	2	3.0
12	13	3	3.0
12	13	4	9.99999999930409
12	13	5	2.0
12	13	6	2.9999999889716547
12	13	7	0.9111583802257323
12	13	8	6.0
12	13	9	7.999999962790509
12	13	10	19.0
12	13	11	10.0
12	13	12	39.00000009035853
12	13	13	0
12	13	14	0
12	13	15	0
12	13	16	0
12	13	17	5.000000007450581
12	13	18	0
12	13	19	0
12	13	20	0
12	13	21	0
12	13	22	0
12	13	23	0
12	13	24	0
13	12	1	0
13	12	2	0
13	12	3	0
13	12	4	0
13	12	5	0
13	12	6	0
13	12	7	0
13	12	8	0
13	12	9	0
13	12	10	0
13	12	11	0
13	12	12	0
13	12	13	78.7887496480573
13	12	14	0
13	12	15	0
13	12	16	0
13	12	17	0
13	12	18	0
13	12	19	0
13	12	20	5.000000022351742
13	12	21	5.999999985098839
13	12	22	12.0
13	12	23	10.999999964073266
13	12	24	11.000000000030592
13	24	1	8.999999944169897
13	24	2	0
13	24	3	2.0
13	24	4	3.9999999993040887
13	24	5	0
13	24	6	0.9999999740704939
13	24	7	0
13	24	8	0
13	24	9	1.9999999578950842
13	24	10	0
13	24	11	0
13	24	12	26.00000009035854
13	24	13	67.2112503519427
13	24	14	0
13	24	15	0
13	24	16	0
13	24	17	0
13	24	18	0
13	24	19	0
13	24	20	0
13	24	21	0
13	24	22	0
13	24	23	0
13	24	24	0
14	11	1	0
14	11	2	0
14	11	3	0
14	11	4	0
14	11	5	0
14	11	6	0
14	11	7	0
14	11	8	0
14	11	9	0
14	11	10	0
14	11	11	0
14	11	12	0
14	11	13	0
14	11	14	35.83527154596386
14	11	15	10.67033986031617
14	11	16	0
14	11	17	0
14	11	18	0
14	11	19	1.2338180181402105
14	11	20	1.0121346334041195
14	11	21	4.000000014901161
14	11	22	2.50733569129682
14	11	23	34.28927685506639
14	11	24	8.614514630983232
14	15	1	0
14	15	2	0
14	15	3	0
14	15	4	0
14	15	5	0
14	15	6	0
14	15	7	0
14	15	8	0
14	15	9	0
14	15	10	0
14	15	11	15.981482562524356
14	15	12	0.39297391108530216
14	15	13	0
14	15	14	73.9793304209423
14	15	15	0
14	15	16	0
14	15	17	0
14	15	18	0
14	15	19	0
14	15	20	0
14	15	21	0
14	15	22	0
14	15	23	0.010060156120022134
14	15	24	0.00021813186375195073
14	23	1	0
14	23	2	0
14	23	3	0
14	23	4	5.000000053548806
14	23	5	1.0
14	23	6	1.0
14	23	7	0
14	23	8	0
14	23	9	2.5196481799912958
14	23	10	9.393431256315363
14	23	11	26.915265781560905
14	23	12	0
14	23	13	0
14	23	14	31.185398033093826
14	23	15	4.654015632688929
14	23	16	0
14	23	17	0.874050961011592
14	23	18	0
14	23	19	1.431295175874652
14	23	20	0
14	23	21	0
14	23	22	0
14	23	23	0
14	23	24	0
15	10	1	0
15	10	2	0
15	10	3	0
15	10	4	0
15	10	5	0
15	10	6	0
15	10	7	0
15	10	8	0
15	10	9	0
15	10	10	0
15	10	11	0
15	10	12	0
15	10	13	0
15	10	14	26.16472833482686
15	10	15	76.32966010734711
15	10	16	0
15	10	17	0
15	10	18	0
15	10	19	33.76618193705283
15	10	20	18.14274918569465
15	10	21	16.000000044703484
15	10	22	47.4926642267468
15	10	23	8.710723225563841
15	10	24	5.385485336395197
15	14	1	0
15	14	2	0
15	14	3	0
15	14	4	0
15	14	5	0
15	14	6	0
15	14	7	2.0
15	14	8	4.0
15	14	9	6.89327723763912
15	14	10	20.001940444917054
15	14	11	0
15	14	12	0
15	14	13	0
15	14	14	0
15	14	15	28.324355493005115
15	14	16	6.999999923900227
15	14	17	7.874051035517404
15	14	18	1.0000000149011612
15	14	19	5.665113223817185
15	14	20	6.012134678107603
15	14	21	0
15	14	22	2.022752312188201
15	14	23	0
15	14	24	0
15	19	1	2.999999977648258
15	19	2	0
15	19	3	0
15	19	4	1.9999999850988388
15	19	5	0.9999999925494194
15	19	6	0
15	19	7	0
15	19	8	0
15	19	9	4.0
15	19	10	30.757660465237663
15	19	11	9.840789821241087
15	19	12	3.0000000447034836
15	19	13	2.674536729949041
15	19	14	29.00000001018146
15	19	15	59.00000002235174
15	19	16	0
15	19	17	0
15	19	18	0
15	19	19	0
15	19	20	0
15	19	21	7.207091960221711
15	19	22	29.0
15	19	23	8.999999955296516
15	19	24	1.3453177400392884
15	22	1	0
15	22	2	0
15	22	3	0
15	22	4	3.9999999471471055
15	22	5	3.0
15	22	6	0
15	22	7	0
15	22	8	0
15	22	9	12.480351857218201
15	22	10	54.606568756371104
15	22	11	7.084734218832951
15	22	12	0
15	22	13	0
15	22	14	5.814602075934004
15	22	15	50.34598437729611
15	22	16	0
15	22	17	25.14638996551584
15	22	18	0
15	22	19	21.568704840463695
15	22	20	0
15	22	21	0
15	22	22	0
15	22	23	0
15	22	24	0
16	8	1	0
16	8	2	0
16	8	3	0
16	8	4	0
16	8	5	0
16	8	6	0
16	8	7	0
16	8	8	0
16	8	9	0
16	8	10	0
16	8	11	0
16	8	12	0
16	8	13	0
16	8	14	0
16	8	15	0
16	8	16	67.98631033727753
16	8	17	16.076638514083292
16	8	18	0
16	8	19	0
16	8	20	0
16	8	21	0
16	8	22	0
16	8	23	0
16	8	24	0
16	10	1	0
16	10	2	0
16	10	3	0
16	10	4	0
16	10	5	0
16	10	6	0
16	10	7	24.000000024425834
16	10	8	0
16	10	9	0
16	10	10	0
16	10	11	0
16	10	12	0
16	10	13	0
16	10	14	0
16	10	15	0
16	10	16	65.8655065829492
16	10	17	0
16	10	18	8.999999932944775
16	10	19	0
16	10	20	11.845116210703566
16	10	21	0
16	10	22	0
16	10	23	0
16	10	24	0
16	17	1	0
16	17	2	2.0000000074505806
16	17	3	0
16	17	4	0
16	17	5	0
16	17	6	5.000000014901161
16	17	7	10.000000081956387
16	17	8	14.000000052154064
16	17	9	0
16	17	10	0
16	17	11	0
16	17	12	0
16	17	13	0
16	17	14	0
16	17	15	0
16	17	16	59.30541518864502
16	17	17	0
16	17	18	5.999999955296516
16	17	19	0
16	17	20	15.488247759393252
16	17	21	2.4951925306020475
16	17	22	0
16	17	23	0
16	17	24	2.594396242086834
16	18	1	0
16	18	2	0
16	18	3	0
16	18	4	0
16	18	5	0
16	18	6	0
16	18	7	0
16	18	8	0
16	18	9	0
16	18	10	38.24233951919442
16	18	11	6.159210176436494
16	18	12	0
16	18	13	0
16	18	14	0
16	18	15	0
16	18	16	67.8427678911282
16	18	17	40.689109008544285
16	18	18	0
16	18	19	0
16	18	20	0
16	18	21	0
16	18	22	0
16	18	23	0
16	18	24	0
17	10	1	0
17	10	2	0
17	10	3	0
17	10	4	0
17	10	5	0
17	10	6	0
17	10	7	0
17	10	8	0
17	10	9	0
17	10	10	0
17	10	11	0
17	10	12	0
17	10	13	0
17	10	14	0
17	10	15	0
17	10	16	0
17	10	17	80.99999988824129
17	10	18	0
17	10	19	0
17	10	20	0
17	10	21	0
17	10	22	0
17	10	23	0
17	10	24	0
17	16	1	0
17	16	2	0
17	16	3	0
17	16	4	0
17	16	5	0
17	16	6	0
17	16	7	0
17	16	8	0
17	16	9	0
17	16	10	0
17	16	11	0
17	16	12	0
17	16	13	0
17	16	14	7.0000000719204545
17	16	15	12.000000042157843
17	16	16	0
17	16	17	84.76574752262756
17	16	18	0
17	16	19	12.999999993422056
17	16	20	0
17	16	21	0
17	16	22	0
17	16	23	0
17	16	24	0
17	19	1	0
17	19	2	0
17	19	3	0
17	19	4	0
17	19	5	0
17	19	6	0
17	19	7	0
17	19	8	0
17	19	9	0
17	19	10	0
17	19	11	0
17	19	12	0
17	19	13	0
17	19	14	0
17	19	15	0
17	19	16	31.30541518864504
17	19	17	68.23425258913115
17	19	18	0
17	19	19	0
17	19	20	0
17	19	21	0
17	19	22	0
17	19	23	0
17	19	24	0
18	7	1	0
18	7	2	0
18	7	3	0
18	7	4	0
18	7	5	0
18	7	6	0
18	7	7	0
18	7	8	0
18	7	9	0
18	7	10	18.9999998555575
18	7	11	4.999999937042633
18	7	12	0
18	7	13	3.6721440796165252
18	7	14	5.999999974311609
18	7	15	10.999999984974522
18	7	16	14.148183051564914
18	7	17	14.923361485916693
18	7	18	11.999999973499467
18	7	19	13.999999992652905
18	7	20	30.999999903142452
18	7	21	7.0
18	7	22	13.0
18	7	23	5.0
18	7	24	3.000000032590987
18	16	1	0
18	16	2	0
18	16	3	0
18	16	4	0
18	16	5	0
18	16	6	0
18	16	7	48.00000010638222
18	16	8	0
18	16	9	3.797488803312058
18	16	10	0
18	16	11	0
18	16	12	1.2787447299979164
18	16	13	5.999999955296516
18	16	14	0
18	16	15	0
18	16	16	0
18	16	17	0
18	16	18	19.99999988824129
18	16	19	0
18	16	20	43.3333639700968
18	16	21	8.495192530602052
18	16	22	12.0
18	16	23	5.0
18	16	24	5.594396242086833
18	20	1	3.0
18	20	2	3.0000000018489956
18	20	3	0
18	20	4	3.0
18	20	5	1.0
18	20	6	7.999999996127184
18	20	7	29.088841537817885
18	20	8	39.99999987334013
18	20	9	6.0
18	20	10	12.242339522075865
18	20	11	0.15921017836503293
18	20	12	0
18	20	13	0
18	20	14	0
18	20	15	0
18	20	16	48.69458483956334
18	20	17	19.7657475226276
18	20	18	16.000000138259242
18	20	19	0
18	20	20	0
18	20	21	0
18	20	22	0
18	20	23	0
18	20	24	0
19	15	1	0
19	15	2	0
19	15	3	0
19	15	4	0
19	15	5	0
19	15	6	0
19	15	7	7.0
19	15	8	9.999999850988388
19	15	9	0
19	15	10	0
19	15	11	0
19	15	12	0
19	15	13	0
19	15	14	0
19	15	15	0
19	15	16	18.99999997605429
19	15	17	48.02044100103324
19	15	18	3.0000000670552254
19	15	19	69.0000000013337
19	15	20	35.15488386380226
19	15	21	0
19	15	22	0
19	15	23	0
19	15	24	0
19	17	1	0
19	17	2	0
19	17	3	0
19	17	4	0
19	17	5	0
19	17	6	0
19	17	7	0
19	17	8	0
19	17	9	0
19	17	10	0
19	17	11	0
19	17	12	0
19	17	13	0
19	17	14	14.000000071920455
19	17	15	27.000000042157836
19	17	16	0
19	17	17	0
19	17	18	0
19	17	19	29.99999999342206
19	17	20	1.5117521986539177
19	17	21	3.5048074193432854
19	17	22	17.0
19	17	23	5.999999955296516
19	17	24	0.40560375791316555
19	20	1	0
19	20	2	0
19	20	3	0
19	20	4	0
19	20	5	0
19	20	6	0
19	20	7	0
19	20	8	0
19	20	9	0
19	20	10	12.75766046523766
19	20	11	5.840789776537608
19	20	12	0
19	20	13	0
19	20	14	11.999999938261011
19	20	15	23.9999999801939
19	20	16	0
19	20	17	3.213811588097872
19	20	18	0
19	20	19	29.00000000524424
19	20	20	0
19	20	21	0
19	20	22	0
19	20	23	0
19	20	24	0
20	18	1	0
20	18	2	0
20	18	3	0
20	18	4	0
20	18	5	0
20	18	6	0
20	18	7	0
20	18	8	0
20	18	9	0
20	18	10	0
20	18	11	0
20	18	12	0
20	18	13	10.67214402001188
20	18	14	6.999999942980707
20	18	15	12.999999980193898
20	18	16	0
20	18	17	0
20	18	18	0
20	18	19	16.999999999230848
20	18	20	78.33336387323925
20	18	21	16.495192530602047
20	18	22	28.0
20	18	23	11.0
20	18	24	8.594396274677823
20	19	1	0
20	19	2	1.0000000018489956
20	19	3	0
20	19	4	0
20	19	5	0
20	19	6	1.9999999850988388
20	19	7	10.999999918043613
20	19	8	16.99999987334013
20	19	9	0
20	19	10	0
20	19	11	0
20	19	12	0
20	19	13	0.3254632753383462
20	19	14	0
20	19	15	0
20	19	16	0.694584787409257
20	19	17	0
20	19	18	6.000000111758709
20	19	19	0
20	19	20	48.66663610440902
20	19	21	0.29771542842156634
20	19	22	0
20	19	23	0
20	19	24	0.06028601787387723
20	21	1	0
20	21	2	0
20	21	3	0
20	21	4	0
20	21	5	0
20	21	6	1.000000011028345
20	21	7	6.088841622823932
20	21	8	6.000000004574505
20	21	9	0
20	21	10	0
20	21	11	0
20	21	12	0
20	21	13	0
20	21	14	0
20	21	15	0
20	21	16	15.000000059778243
20	21	17	5.979558929168711
20	21	18	2.000000028025368
20	21	19	0
20	21	20	27.000000022351742
20	21	21	0
20	21	22	0
20	21	23	0
20	21	24	0
20	22	1	0
20	22	2	1.0
20	22	3	0
20	22	4	0
20	22	5	0
20	22	6	2.0
20	22	7	6.999999996950333
20	22	8	7.999999995425495
20	22	9	0
20	22	10	0
20	22	11	0
20	22	12	0
20	22	13	0
20	22	14	0
20	22	15	0
20	22	16	16.99999999237583
20	22	17	0
20	22	18	3.9999999984751664
20	22	19	0
20	22	20	31.0
20	22	21	0
20	22	22	0
20	22	23	0
20	22	24	0
21	20	1	0
21	20	2	0
21	20	3	0
21	20	4	0
21	20	5	0
21	20	6	0
21	20	7	0
21	20	8	0
21	20	9	0
21	20	10	0
21	20	11	0
21	20	12	4.000000003282278
21	20	13	16.99760729535023
21	20	14	0
21	20	15	0
21	20	16	0
21	20	17	0
21	20	18	0
21	20	19	0
21	20	20	0
21	20	21	28.792907993371987
21	20	22	0
21	20	23	0
21	20	24	12.654682292551701
21	22	1	3.7604575442303387
21	22	2	0
21	22	3	0.27463435524684954
21	22	4	0
21	22	5	0
21	22	6	0
21	22	7	0
21	22	8	0
21	22	9	0
21	22	10	0
21	22	11	0
21	22	12	7.000000034910955
21	22	13	4.239985732816647
21	22	14	0
21	22	15	0
21	22	16	0
21	22	17	0
21	22	18	0
21	22	19	0
21	22	20	0
21	22	21	49.207092014261754
21	22	22	0
21	22	23	0
21	22	24	21.67351597613189
21	24	1	0
21	24	2	0
21	24	3	0
21	24	4	0
21	24	5	0
21	24	6	0
21	24	7	4.088841622823935
21	24	8	2.0000000045745026
21	24	9	0
21	24	10	6.954496030986788
21	24	11	0
21	24	12	0
21	24	13	0
21	24	14	0
21	24	15	10.993191297922769
21	24	16	9.000000059778236
21	24	17	2.2351636448581833
21	24	18	1.0000000280253678
21	24	19	0.6709177079579417
21	24	20	15.00000004264218
21	24	21	31.999999992366277
21	24	22	19.150942040180176
21	24	23	0
21	24	24	0
22	15	1	0
22	15	2	0
22	15	3	0
22	15	4	0
22	15	5	0
22	15	6	0
22	15	7	0
22	15	8	0
22	15	9	0
22	15	10	0
22	15	11	0
22	15	12	0
22	15	13	9.674536729949033
22	15	14	0
22	15	15	0
22	15	16	0
22	15	17	0
22	15	18	0
22	15	19	0
22	15	20	0
22	15	21	31.207092010922004
22	15	22	104.515416538935
22	15	23	27.700663024740344
22	15	24	10.730584933697305
22	20	1	0
22	20	2	0
22	20	3	0
22	20	4	0
22	20	5	0
22	20	6	0
22	20	7	0
22	20	8	0
22	20	9	0
22	20	10	0
22	20	11	0
22	20	12	0
22	20	13	0
22	20	14	0
22	20	15	0
22	20	16	0
22	20	17	0
22	20	18	0
22	20	19	0
22	20	20	0
22	20	21	0
22	20	22	52.0
22	20	23	18.0
22	20	24	0
22	21	1	0
22	21	2	0
22	21	3	0
22	21	4	0
22	21	5	1.0
22	21	6	0
22	21	7	0
22	21	8	0
22	21	9	3.0000000204447295
22	21	10	18.95449603098678
22	21	11	0
22	21	12	0
22	21	13	0
22	21	14	0
22	21	15	18.993191297922767
22	21	16	0
22	21	17	2.255604715689471
22	21	18	0
22	21	19	4.6709177019445445
22	21	20	0
22	21	21	0
22	21	22	37.150942040180176
22	21	23	0
22	21	24	0
22	23	1	0
22	23	2	0
22	23	3	0
22	23	4	0
22	23	5	0
22	23	6	0
22	23	7	1.9999999820491703
22	23	8	2.999999973073755
22	23	9	2.480351799520563
22	23	10	9.652072578587394
22	23	11	0
22	23	12	0
22	23	13	0
22	23	14	0
22	23	15	5.352793079373318
22	23	16	4.9999999551229255
22	23	17	5.890785386679643
22	23	18	0.9999999910245851
22	23	19	4.897787138519151
22	23	20	6.999999979709562
22	23	21	0
22	23	22	50.33364142088483
22	23	23	0
22	23	24	0
23	14	1	0
23	14	2	0
23	14	3	0
23	14	4	0
23	14	5	0
23	14	6	0
23	14	7	0
23	14	8	0
23	14	9	0
23	14	10	0
23	14	11	0
23	14	12	0
23	14	13	5.539106281939923
23	14	14	0
23	14	15	0
23	14	16	0
23	14	17	0
23	14	18	0
23	14	19	0
23	14	20	0
23	14	21	8.000000010607167
23	14	22	12.484583461065013
23	14	23	45.29933701118641
23	14	24	12.614732773720402
23	22	1	0.2395423924889764
23	22	2	0
23	22	3	0.7253656447531505
23	22	4	0
23	22	5	0
23	22	6	0
23	22	7	0
23	22	8	0
23	22	9	0
23	22	10	0
23	22	11	3.915265784617995
23	22	12	0
23	22	13	18.434550997132394
23	22	14	6.1853979636329735
23	22	15	0
23	22	16	0
23	22	17	0
23	22	18	0
23	22	19	0
23	22	20	0
23	22	21	0
23	22	22	0
23	22	23	66.70066304223324
23	22	24	0.05706895756540611
23	24	1	0
23	24	2	0
23	24	3	0
23	24	4	0
23	24	5	0
23	24	6	0
23	24	7	0
23	24	8	0
23	24	9	0
23	24	10	1.0455039690132109
23	24	11	9.999999993463206
23	24	12	0
23	24	13	0
23	24	14	14.000000069460846
23	24	15	0.006808712062247276
23	24	16	0
23	24	17	0.7648364015437286
23	24	18	0
23	24	19	3.329082314393798
23	24	20	0
23	24	21	0
23	24	22	16.849057959819827
23	24	23	32.99999994658038
23	24	24	0
24	13	1	0
24	13	2	0
24	13	3	0
24	13	4	0
24	13	5	0
24	13	6	0
24	13	7	3.088841589971946
24	13	8	0
24	13	9	0
24	13	10	0
24	13	11	0
24	13	12	0
24	13	13	0
24	13	14	6.0000001043081275
24	13	15	7.0000000099850155
24	13	16	6.000000052154064
24	13	17	0
24	13	18	1.0000000265005338
24	13	19	3.000000022351742
24	13	20	11.000000022351742
24	13	21	11.999999985098839
24	13	22	25.0
24	13	23	18.999999964073268
24	13	24	18.000000000030592
24	21	1	4.76045757403266
24	21	2	0
24	21	3	0.27463435524684954
24	21	4	1.9999999844029275
24	21	5	0
24	21	6	0
24	21	7	0
24	21	8	0
24	21	9	0
24	21	10	0
24	21	11	3.9999999636608825
24	21	12	14.00000003819323
24	21	13	27.23759302816687
24	21	14	3.9999999353503974
24	21	15	0
24	21	16	0
24	21	17	0
24	21	18	0
24	21	19	0
24	21	20	0
24	21	21	0
24	21	22	0
24	21	23	6.999999982507114
24	21	24	39.32819826868359
24	23	1	3.239542347785493
24	23	2	0
24	23	3	1.7253656298519893
24	23	4	0
24	23	5	0
24	23	6	0
24	23	7	0
24	23	8	0
24	23	9	0
24	23	10	0
24	23	11	0
24	23	12	7.000000052165308
24	23	13	31.973657323775807
24	23	14	0
24	23	15	0
24	23	16	0
24	23	17	0
24	23	18	0
24	23	19	0
24	23	20	0
24	23	21	15.000000007267435
24	23	22	0
24	23	23	0
24	23	24	19.67180173128583
