1	2	1	26.000000033908574
1	2	2	0
1	2	3	4.997117582006595
1	2	4	1.9999999850988388
1	2	5	0.00776279265823901
1	2	6	0
1	2	7	0
1	2	8	0
1	2	9	0.002978466299579898
1	2	10	3.261775949440743
1	2	11	1.9999999850988388
1	2	12	2.6669817133028424
1	2	13	3.0
1	2	14	0.9999999925494194
1	2	15	0
1	2	16	0
1	2	17	0
1	2	18	0
1	2	19	0
1	2	20	0
1	2	21	0
1	2	22	0
1	2	23	0
1	2	24	0.00900327904711286
1	3	1	61.99999996609142
1	3	2	9.999999957773461
1	3	3	0
1	3	4	0
1	3	5	0
1	3	6	3.786855701441426
1	3	7	0
1	3	8	3.25492556048481
1	3	9	0
1	3	10	0
1	3	11	0
1	3	12	0
1	3	13	0
1	3	14	0
1	3	15	0
1	3	16	0.25849925201900087
1	3	17	0
1	3	18	1.889612768535719
1	3	19	0
1	3	20	0
1	3	21	0
1	3	22	0
1	3	23	0
1	3	24	0
2	1	1	0
2	1	2	10.999999957773461
2	1	3	0
2	1	4	0
2	1	5	0
2	1	6	6.786855701441421
2	1	7	5.0
2	1	8	11.25492556048481
2	1	9	0
2	1	10	0
2	1	11	0
2	1	12	0
2	1	13	0
2	1	14	0
2	1	15	0
2	1	16	5.258499252019002
2	1	17	0
2	1	18	2.889612768535719
2	1	19	0
2	1	20	2.999999977648258
2	1	21	0
2	1	22	0
2	1	23	0
2	1	24	0
2	6	1	25.000000033908574
2	6	2	29.00000004222654
2	6	3	3.997117582006597
2	6	4	0
2	6	5	0
2	6	6	0
2	6	7	0
2	6	8	0
2	6	9	0
2	6	10	0
2	6	11	0
2	6	12	1.6669817133028442
2	6	13	0
2	6	14	0
2	6	15	0
2	6	16	0
2	6	17	0
2	6	18	0
2	6	19	0
2	6	20	0
2	6	21	0
2	6	22	0
2	6	23	0
2	6	24	0.00900327904711286
3	1	1	0
3	1	2	0
3	1	3	5.997117582006594
3	1	4	6.999999985098839
3	1	5	2.007762792818343
3	1	6	0
3	1	7	0
3	1	8	0
3	1	9	5.0029784666186305
3	1	10	16.26177594944074
3	1	11	6.999999985098839
3	1	12	4.666981713302844
3	1	13	8.0
3	1	14	3.9999999925494194
3	1	15	5.0
3	1	16	0
3	1	17	4.0
3	1	18	0
3	1	19	3.0
3	1	20	0
3	1	21	1.0
3	1	22	4.0
3	1	23	3.0
3	1	24	1.0090032790471117
3	4	1	45.00000002192152
3	4	2	4.999999957773461
3	4	3	17.002882388191082
3	4	4	0
3	4	5	0
3	4	6	0
3	4	7	0
3	4	8	0
3	4	9	0
3	4	10	0
3	4	11	0
3	4	12	39.101002864848326
3	4	13	26.969674166701843
3	4	14	0
3	4	15	0
3	4	16	0
3	4	17	0
3	4	18	0
3	4	19	0
3	4	20	0
3	4	21	1.9999999850988388
3	4	22	0
3	4	23	0
3	4	24	4.990996676279993
3	12	1	15.999999944169895
3	12	2	4.0
3	12	3	5.000000029802322
3	12	4	15.99999999930409
3	12	5	4.0
3	12	6	4.999999988971655
3	12	7	7.879388488836921
3	12	8	12.0
3	12	9	13.999999873383542
3	12	10	0.3629995164821283
3	12	11	0
3	12	12	0
3	12	13	0
3	12	14	0
3	12	15	0.40465537623860276
3	12	16	6.999999947845936
3	12	17	6.577587777659491
3	12	18	1.9999999734994662
3	12	19	6.0036229490342405e-05
3	12	20	0
3	12	21	0
3	12	22	0
3	12	23	0
3	12	24	0
4	3	1	0
4	3	2	0
4	3	3	0
4	3	4	24.99999998440293
4	3	5	7.007762792818336
4	3	6	4.213144287530233
4	3	7	8.879388488836913
4	3	8	10.74507443951519
4	3	9	20.002978340002155
4	3	10	19.62477546592289
4	3	11	9.999999985098839
4	3	12	0
4	3	13	0
4	3	14	4.999999992549419
4	3	15	6.404655331535119
4	3	16	8.74150069582693
4	3	17	11.577587777659481
4	3	18	0.11038720496374738
4	3	19	3.00006003622949
4	3	20	0
4	3	21	0
4	3	22	0
4	3	23	0
4	3	24	0
4	5	1	31.999999976254525
4	5	2	0
4	5	3	11.002882417871147
4	5	4	66.99999991662554
4	5	5	0
4	5	6	0
4	5	7	0
4	5	8	0
4	5	9	0
4	5	10	0
4	5	11	9.000000032247467
4	5	12	33.101002864848326
4	5	13	20.969674166701843
4	5	14	1.9999999925494194
4	5	15	0
4	5	16	0
4	5	17	0
4	5	18	0
4	5	19	0
4	5	20	0
4	5	21	0
4	5	22	0
4	5	23	2.0
4	5	24	2.990996681741222
4	11	1	8.000000045667015
4	11	2	2.9999999925494194
4	11	3	3.999999970319932
4	11	4	24.000000098971526
4	11	5	7.0
4	11	6	6.0
4	11	7	0
4	11	8	0
4	11	9	0
4	11	10	0
4	11	11	0
4	11	12	0
4	11	13	0
4	11	14	0
4	11	15	0
4	11	16	0
4	11	17	0
4	11	18	0
4	11	19	0
4	11	20	0
4	11	21	0
4	11	22	0
4	11	23	0
4	11	24	0
5	4	1	0
5	4	2	0
5	4	3	0
5	4	4	0
5	4	5	19.007762792818333
5	4	6	14.213144287530222
5	4	7	12.879388509114563
5	4	8	17.745074439515193
5	4	9	27.002978340002155
5	4	10	31.624775465922887
5	4	11	0
5	4	12	0
5	4	13	0
5	4	14	0
5	4	15	11.404655294282222
5	4	16	16.741500695826907
5	4	17	16.577587777659485
5	4	18	1.1103872049637473
5	4	19	5.000060036229489
5	4	20	3.0
5	4	21	0
5	4	22	4.0
5	4	23	0
5	4	24	0
5	6	1	0
5	6	2	0
5	6	3	3.8781697128425807
5	6	4	26.775376785449783
5	6	5	15.426900132203919
5	6	6	0
5	6	7	0
5	6	8	0
5	6	9	5.9970215333813695
5	6	10	10.738223946251125
5	6	11	4.000000022175544
5	6	12	7.167456695886514
5	6	13	8.008383208608421
5	6	14	0.9999999776482582
5	6	15	2.999999977648258
5	6	16	0
5	6	17	0
5	6	18	0
5	6	19	0
5	6	20	0
5	6	21	0
5	6	22	0
5	6	23	1.0
5	6	24	0.9909967035688434
5	9	1	29.999999976254525
5	9	2	8.99999995344752
5	9	3	6.124712705028566
5	9	4	35.22462313117576
5	9	5	26.565337074977744
5	9	6	14.0
5	9	7	0
5	9	8	0
5	9	9	0
5	9	10	0
5	9	11	0
5	9	12	23.93354616896183
5	9	13	10.961290958093407
5	9	14	0
5	9	15	0
5	9	16	0
5	9	17	0
5	9	18	0
5	9	19	0
5	9	20	0
5	9	21	0
5	9	22	0
5	9	23	0
5	9	24	1.9999999781723776
6	2	1	0
6	2	2	0
6	2	3	0
6	2	4	0
6	2	5	0.9922372071816575
6	2	6	10.786855701441434
6	2	7	7.0
6	2	8	15.25492556048481
6	2	9	1.9970215184802103
6	2	10	2.738224050559257
6	2	11	0
6	2	12	0
6	2	13	0
6	2	14	0
6	2	15	1.0
6	2	16	9.258499252019005
6	2	17	2.0
6	2	18	2.889612768535719
6	2	19	1.0
6	2	20	3.999999977648258
6	2	21	0
6	2	22	1.0
6	2	23	0
6	2	24	0
6	5	1	0
6	5	2	9.999999988223479
6	5	3	0
6	5	4	0
6	5	5	0
6	5	6	30.213144287530227
6	5	7	7.412446166196242
6	5	8	22.37752153988764
6	5	9	0
6	5	10	0
6	5	11	0
6	5	12	0
6	5	13	0
6	5	14	0
6	5	15	0
6	5	16	17.59469872964901
6	5	17	0
6	5	18	0.46110079747674015
6	5	19	0
6	5	20	0.0058990238416520395
6	5	21	0
6	5	22	0
6	5	23	0
6	5	24	0
6	8	1	22.000000033908574
6	8	2	15.00000005400306
6	8	3	4.87528729484918
6	8	4	22.775376770548622
6	8	5	12.434662925022268
6	8	6	35.00000001102834
6	8	7	0
6	8	8	0
6	8	9	0
6	8	10	0
6	8	11	0
6	8	12	6.8344384091893575
6	8	13	6.008383208608422
6	8	14	0
6	8	15	0
6	8	16	0
6	8	17	0
6	8	18	0
6	8	19	0
6	8	20	0
6	8	21	0
6	8	22	0
6	8	23	0
6	8	24	0
7	8	1	0
7	8	2	0
7	8	3	0
7	8	4	0
7	8	5	0
7	8	6	0
7	8	7	41.879388464411086
7	8	8	0
7	8	9	0
7	8	10	0
7	8	11	0
7	8	12	0
7	8	13	0
7	8	14	3.999999974311609
7	8	15	5.999999984974523
7	8	16	0.20208570535060405
7	8	17	4.930675413914766
7	8	18	9.999999973499467
7	8	19	9.999999992652905
7	8	20	25.999999903142452
7	8	21	5.0
7	8	22	8.0
7	8	23	3.0
7	8	24	2.0000000325909864
7	18	1	4.000000000078993
7	18	2	3.0000000018489956
7	18	3	0
7	18	4	4.0000000000456915
7	18	5	1.0
7	18	6	8.999999996127183
7	18	7	79.12061153558896
7	18	8	42.99999987334013
7	18	9	11.603969529491716
7	18	10	0
7	18	11	0
7	18	12	3.2373705552904988
7	18	13	0
7	18	14	0
7	18	15	0
7	18	16	0
7	18	17	0
7	18	18	0
7	18	19	0
7	18	20	0
7	18	21	0
7	18	22	0
7	18	23	0
7	18	24	0
8	6	1	0
8	6	2	0
8	6	3	0
8	6	4	0
8	6	5	0
8	6	6	0
8	6	7	18.412446166196244
8	6	8	45.6324471003724
8	6	9	0
8	6	10	0
8	6	11	0
8	6	12	0
8	6	13	0
8	6	14	0
8	6	15	0
8	6	16	35.85319798166807
8	6	17	7.0
8	6	18	4.350713566012455
8	6	19	2.9999999926529046
8	6	20	7.005899001489911
8	6	21	1.0
8	6	22	3.0
8	6	23	0
8	6	24	0
8	7	1	9.00000000007899
8	7	2	5.000000001848996
8	7	3	1.0
8	7	4	8.000000000045688
8	7	5	3.0
8	7	6	12.999999996127183
8	7	7	0
8	7	8	52.99999987334013
8	7	9	17.603969484788237
8	7	10	0
8	7	11	0
8	7	12	10.237370555290504
8	7	13	0.5674225027026761
8	7	14	0
8	7	15	0
8	7	16	0
8	7	17	0
8	7	18	0
8	7	19	0
8	7	20	0
8	7	21	0
8	7	22	0
8	7	23	0
8	7	24	0
8	9	1	0
8	9	2	0
8	9	3	0
8	9	4	0
8	9	5	0
8	9	6	0
8	9	7	13.466942298214834
8	9	8	32.36755279531947
8	9	9	0
8	9	10	0
8	9	11	0
8	9	12	0
8	9	13	0
8	9	14	0
8	9	15	0
8	9	16	10.346311245851634
8	9	17	0
8	9	18	2.649286407487006
8	9	19	0
8	9	20	9.99410090165254
8	9	21	0
8	9	22	0
8	9	23	0
8	9	24	0
8	16	1	5.000000033829583
8	16	2	6.000000052154064
8	16	3	1.8753299727195305
8	16	4	7.951739859294644
8	16	5	4.8278522111785245
8	16	6	14.000000014901161
8	16	7	0
8	16	8	36.000000230968
8	16	9	3.141029762042076
8	16	10	0
8	16	11	0
8	16	12	5.089441514193041
8	16	13	0
8	16	14	0
8	16	15	0
8	16	16	0
8	16	17	0
8	16	18	0
8	16	19	0
8	16	20	0
8	16	21	0
8	16	22	0
8	16	23	0
8	16	24	0
9	5	1	0
9	5	2	0
9	5	3	0
9	5	4	0
9	5	5	0
9	5	6	0
9	5	7	7.466942342918324
9	5	8	0.3675528996275531
9	5	9	40.999999873383544
9	5	10	52.36299941217399
9	5	11	0
9	5	12	0
9	5	13	0
9	5	14	0
9	5	15	16.404655271930476
9	5	16	4.1468019661779065
9	5	17	18.577587777659485
9	5	18	0.6492864074870073
9	5	19	6.0000600435765845
9	5	20	3.9941009761583484
9	5	21	1.0
9	5	22	6.0
9	5	23	0
9	5	24	0
9	8	1	0
9	8	2	0
9	8	3	4.2677719270284275e-05
9	8	4	0.17636308879172485
9	8	5	0.39318923607149203
9	8	6	0
9	8	7	0
9	8	8	0
9	8	9	28.744999246830314
9	8	10	16.000000075813087
9	8	11	7.999999994654158
9	8	12	14.492373660294188
9	8	13	0.559039253840859
9	8	14	0
9	8	15	0
9	8	16	0
9	8	17	0
9	8	18	0
9	8	19	0
9	8	20	0
9	8	21	0
9	8	22	0
9	8	23	0
9	8	24	0
9	10	1	24.999999976254518
9	10	2	6.999999953447521
9	10	3	5.124670027158211
9	10	4	28.048260042384037
9	10	5	18.172147788821473
9	10	6	10.0
9	10	7	0
9	10	8	23.99999989569187
9	10	9	92.25500087978611
9	10	10	0
9	10	11	0
9	10	12	3.4411725980745853
9	10	13	4.402251704252544
9	10	14	0
9	10	15	0
9	10	16	0
9	10	17	0
9	10	18	0
9	10	19	0
9	10	20	0
9	10	21	0
9	10	22	0
9	10	23	0
9	10	24	0
10	9	1	0
10	9	2	0
10	9	3	0
10	9	4	0
10	9	5	0
10	9	6	0
10	9	7	0
10	9	8	0
10	9	9	0
10	9	10	96.36299948798707
10	9	11	21.99999998458223
10	9	12	0
10	9	13	0
10	9	14	6.0
10	9	15	26.404655271930476
10	9	16	7.800490720326258
10	9	17	27.577587777659485
10	9	18	0
10	9	19	10.000060043576587
10	9	20	0
10	9	21	4.0
10	9	22	13.0
10	9	23	5.0
10	9	24	0
10	11	1	0
10	11	2	0
10	11	3	0
10	11	4	0
10	11	5	0
10	11	6	0
10	11	7	4.999999942469447
10	11	8	8.0
10	11	9	15.647799310959515
10	11	10	89.09385000819681
10	11	11	0
10	11	12	0
10	11	13	0
10	11	14	0
10	11	15	9.848256834889334
10	11	16	14.000000023945706
10	11	17	14.42241211058181
10	11	18	1.9999999850988388
10	11	19	5.762015186220044
10	11	20	5.0040476981201865
10	11	21	0
10	11	22	8.487848852019718
10	11	23	0
10	11	24	0
10	15	1	7.999999987811347
10	15	2	0.9999999907004238
10	15	3	0.9999999998777457
10	15	4	10.999999886823229
10	15	5	5.999999992549419
10	15	6	2.0
10	15	7	0
10	15	8	0
10	15	9	32.35220081565703
10	15	10	145.50493463899736
10	15	11	14.868597884064997
10	15	12	9.535463548728861
10	15	13	0
10	15	14	0
10	15	15	0
10	15	16	0
10	15	17	0
10	15	18	0
10	15	19	0
10	15	20	0
10	15	21	0
10	15	22	0
10	15	23	0
10	15	24	0
10	16	1	0
10	16	2	0
10	16	3	0.12467003473104905
10	16	4	0.048260177912565705
10	16	5	0.17214776646973207
10	16	6	0
10	16	7	0
10	16	8	0
10	16	9	7.255000820224914
10	16	10	82.03821586481905
10	16	11	20.157958999800314
10	16	12	0.6731878750801221
10	16	13	0
10	16	14	0
10	16	15	0
10	16	16	0
10	16	17	0
10	16	18	0
10	16	19	0
10	16	20	0
10	16	21	0
10	16	22	0
10	16	23	0
10	16	24	0
10	17	1	3.9999999884431667
10	17	2	0
10	17	3	0.9999999925494194
10	17	4	4.999999977648258
10	17	5	1.9999999925494194
10	17	6	0
10	17	7	0
10	17	8	0
10	17	9	8.999999932944775
10	17	10	39.0
10	17	11	10.000000002655293
10	17	12	6.000000007450581
10	17	13	5.000000039416098
10	17	14	0
10	17	15	0
10	17	16	0
10	17	17	0
10	17	18	0
10	17	19	0
10	17	20	0
10	17	21	0
10	17	22	0
10	17	23	0
10	17	24	0
11	4	1	0
11	4	2	0
11	4	3	0
11	4	4	0
11	4	5	0
11	4	6	0
11	4	7	0
11	4	8	0
11	4	9	0
11	4	10	0
11	4	11	34.00000001734631
11	4	12	0
11	4	13	0
11	4	14	11.999999985098839
11	4	15	0
11	4	16	0
11	4	17	0
11	4	18	0
11	4	19	0
11	4	20	0
11	4	21	0
11	4	22	0
11	4	23	7.000000025589608
11	4	24	0
11	10	1	0
11	10	2	0
11	10	3	0
11	10	4	0
11	10	5	0
11	10	6	0
11	10	7	0
11	10	8	0
11	10	9	0
11	10	10	0
11	10	11	106.02655687110293
11	10	12	32.76747892259189
11	10	13	19.59774833516356
11	10	14	0.8526682549881441
11	10	15	0
11	10	16	0
11	10	17	0
11	10	18	0
11	10	19	0
11	10	20	0
11	10	21	0
11	10	22	0
11	10	23	14.22223814994302
11	10	24	2.5747349987396513
11	12	1	0
11	12	2	0
11	12	3	0
11	12	4	0
11	12	5	0
11	12	6	0
11	12	7	0
11	12	8	0
11	12	9	0
11	12	10	38.63700048351788
11	12	11	24.0
11	12	12	0
11	12	13	0
11	12	14	6.999999843537808
11	12	15	6.595344658479865
11	12	16	0
11	12	17	4.422412185087606
11	12	18	0
11	12	19	2.999939941418768
11	12	20	0
11	12	21	0
11	12	22	0
11	12	23	0
11	12	24	0
11	14	1	3.000000045667014
11	14	2	0.9999999850988388
11	14	3	0.9999999926716737
11	14	4	10.000000098971523
11	14	5	2.0
11	14	6	2.0
11	14	7	0
11	14	8	0
11	14	9	1.6477991768490587
11	14	10	10.456849524678773
11	14	11	58.973443111550814
11	14	12	7.464536408898378
11	14	13	0.21924660614563943
11	14	14	0
11	14	15	0
11	14	16	0
11	14	17	0
11	14	18	0
11	14	19	0
11	14	20	0
11	14	21	0
11	14	22	0
11	14	23	0
11	14	24	0
12	3	1	0
12	3	2	0
12	3	3	0
12	3	4	0
12	3	5	0
12	3	6	0
12	3	7	0
12	3	8	0
12	3	9	0
12	3	10	0
12	3	11	0
12	3	12	45.76798457815115
12	3	13	35.96967416670183
12	3	14	0
12	3	15	0
12	3	16	0
12	3	17	0
12	3	18	0
12	3	19	0
12	3	20	0
12	3	21	2.999999985098839
12	3	22	5.0
12	3	23	3.9999999744103927
12	3	24	5.999999955327107
12	11	1	0
12	11	2	0
12	11	3	0
12	11	4	0
12	11	5	0
12	11	6	0
12	11	7	0
12	11	8	0
12	11	9	0
12	11	10	0
12	11	11	0
12	11	12	54.23201533149032
12	11	13	29.816994941309193
12	11	14	0
12	11	15	0
12	11	16	0
12	11	17	0
12	11	18	0
12	11	19	0
12	11	20	0
12	11	21	0
12	11	22	0
12	11	23	0
12	11	24	0
12	13	1	13.999999944169895
12	13	2	3.0
12	13	3	3.0
12	13	4	9.99999999930409
12	13	5	2.0
12	13	6	2.9999999889716547
12	13	7	0.8793884888369153
12	13	8	6.0
12	13	9	7.999999962790509
12	13	10	19.0
12	13	11	10.0
12	13	12	39.00000009035853
12	13	13	0
12	13	14	0
12	13	15	0
12	13	16	0
12	13	17	5.000000007450581
12	13	18	0
12	13	19	0
12	13	20	0
12	13	21	0
12	13	22	0
12	13	23	0
12	13	24	0
13	12	1	0
13	12	2	0
13	12	3	0
13	12	4	0
13	12	5	0
13	12	6	0
13	12	7	0
13	12	8	0
13	12	9	0
13	12	10	0
13	12	11	0
13	12	12	0
13	12	13	78.786669108011
13	12	14	0
13	12	15	0
13	12	16	0
13	12	17	0
13	12	18	0
13	12	19	0
13	12	20	5.000000022351742
13	12	21	5.999999985098839
13	12	22	12.0
13	12	23	10.999999964073266
13	12	24	11.000000000030592
13	24	1	8.999999944169897
13	24	2	0
13	24	3	2.0
13	24	4	3.9999999993040887
13	24	5	0
13	24	6	0.9999999740704939
13	24	7	0
13	24	8	0
13	24	9	1.9999999578950842
13	24	10	0
13	24	11	0
13	24	12	26.00000009035854
13	24	13	67.213330891989
13	24	14	0
13	24	15	0
13	24	16	0
13	24	17	0
13	24	18	0
13	24	19	0
13	24	20	0
13	24	21	0
13	24	22	0
13	24	23	0
13	24	24	0
14	11	1	0
14	11	2	0
14	11	3	0
14	11	4	0
14	11	5	0
14	11	6	0
14	11	7	0
14	11	8	0
14	11	9	0
14	11	10	0
14	11	11	0
14	11	12	0
14	11	13	0
14	11	14	35.85266808362482
14	11	15	10.747087860843429
14	11	16	0
14	11	17	0
14	11	18	0
14	11	19	1.2379247253964034
14	11	20	0.9959522571763362
14	11	21	4.000000014901161
14	11	22	2.5121510660238924
14	11	23	34.22223818586975
14	11	24	8.574734961980273
14	15	1	0
14	15	2	0
14	15	3	0
14	15	4	0
14	15	5	0
14	15	6	0
14	15	7	0
14	15	8	0
14	15	9	0
14	15	10	0
14	15	11	15.956506539818154
14	15	12	0.4645364610524442
14	15	13	0
14	15	14	73.94220039166142
14	15	15	0
14	15	16	0
14	15	17	0
14	15	18	0
14	15	19	0
14	15	20	0
14	15	21	0
14	15	22	0
14	15	23	0.00014872433101665808
14	15	24	3.844712893346852e-05
14	23	1	0
14	23	2	0
14	23	3	0
14	23	4	5.000000053548806
14	23	5	1.0
14	23	6	1.0
14	23	7	0
14	23	8	0
14	23	9	2.4559846835556502
14	23	10	9.40195139204925
14	23	11	27.01693657173266
14	23	12	0
14	23	13	0
14	23	14	31.20513152471383
14	23	15	4.614722931665928
14	23	16	0
14	23	17	0.8728118193690284
14	23	18	0
14	23	19	1.43384277208037
14	23	20	0
14	23	21	0
14	23	22	0
14	23	23	0
14	23	24	0
15	10	1	0
15	10	2	0
15	10	3	0
15	10	4	0
15	10	5	0
15	10	6	0
15	10	7	0
15	10	8	0
15	10	9	0
15	10	10	0
15	10	11	0
15	10	12	0
15	10	13	0
15	10	14	26.14733179716593
15	10	15	76.25291210681984
15	10	16	0
15	10	17	0
15	10	18	0
15	10	19	33.76207522979663
15	10	20	18.076317531044708
15	10	21	16.000000044703484
15	10	22	47.487848852019724
15	10	23	8.777761894760465
15	10	24	5.425265005398148
15	14	1	0
15	14	2	0
15	14	3	0
15	14	4	0
15	14	5	0
15	14	6	0
15	14	7	2.0
15	14	8	4.0
15	14	9	6.8081854620031175
15	14	10	19.94510186737048
15	14	11	0
15	14	12	0
15	14	13	0
15	14	14	0
15	14	15	28.36181079250931
15	14	16	6.999999923900227
15	14	17	7.872811893874835
15	14	18	1.0000000149011612
15	14	19	5.671767527279097
15	14	20	5.9959523018798135
15	14	21	0
15	14	22	2.142130863369805
15	14	23	0
15	14	24	0
15	19	1	2.999999977648258
15	19	2	0
15	19	3	0
15	19	4	1.9999999850988388
15	19	5	0.9999999925494194
15	19	6	0
15	19	7	0
15	19	8	0
15	19	9	4.0
15	19	10	30.96178415098953
15	19	11	9.842040995221979
15	19	12	3.0000000447034836
15	19	13	2.5930488344664084
15	19	14	29.00000001018146
15	19	15	59.00000002235174
15	19	16	0
15	19	17	0
15	19	18	0
15	19	19	0
15	19	20	0
15	19	21	7.095960303073892
15	19	22	29.0
15	19	23	8.999999955296516
15	19	24	1.3393357485418786
15	22	1	0
15	22	2	0
15	22	3	0
15	22	4	3.9999999471471055
15	22	5	3.0
15	22	6	0
15	22	7	0
15	22	8	0
15	22	9	12.544015353653835
15	22	10	54.59804862063722
15	22	11	6.983063428661172
15	22	12	0
15	22	13	0
15	22	14	5.794868584314004
15	22	15	50.3852770783191
15	22	16	0
15	22	17	25.22250253192025
15	22	18	0
15	22	19	21.56615724425797
15	22	20	0
15	22	21	0
15	22	22	0
15	22	23	0
15	22	24	0
16	8	1	0
16	8	2	0
16	8	3	0
16	8	4	0
16	8	5	0
16	8	6	0
16	8	7	0
16	8	8	0
16	8	9	0
16	8	10	0
16	8	11	0
16	8	12	0
16	8	13	0
16	8	14	0
16	8	15	0
16	8	16	67.99742352216894
16	8	17	16.069324586085234
16	8	18	0
16	8	19	0
16	8	20	0
16	8	21	0
16	8	22	0
16	8	23	0
16	8	24	0
16	10	1	0
16	10	2	0
16	10	3	0
16	10	4	0
16	10	5	0
16	10	6	0
16	10	7	24.000000024425834
16	10	8	0
16	10	9	0
16	10	10	0
16	10	11	0
16	10	12	0
16	10	13	0
16	10	14	0
16	10	15	0
16	10	16	65.80049074427208
16	10	17	0
16	10	18	8.999999932944775
16	10	19	0
16	10	20	11.927730241581273
16	10	21	0
16	10	22	0
16	10	23	0
16	10	24	0
16	17	1	0
16	17	2	2.0000000074505806
16	17	3	0
16	17	4	0
16	17	5	0
16	17	6	5.000000014901161
16	17	7	10.000000081956387
16	17	8	14.000000052154064
16	17	9	0
16	17	10	0
16	17	11	0
16	17	12	0
16	17	13	0
16	17	14	0
16	17	15	0
16	17	16	59.36242764514654
16	17	17	0
16	17	18	5.999999955296516
16	17	19	0
16	17	20	15.489761105246684
16	17	21	2.495355678350389
16	17	22	0
16	17	23	0
16	17	24	2.5959881475300435
16	18	1	0
16	18	2	0
16	18	3	0
16	18	4	0
16	18	5	0
16	18	6	0
16	18	7	0
16	18	8	0
16	18	9	0
16	18	10	38.03821583344257
16	18	11	6.157959002455608
16	18	12	0
16	18	13	0
16	18	14	0
16	18	15	0
16	18	16	67.83965808841242
16	18	17	40.76228693312952
16	18	18	0
16	18	19	0
16	18	20	0
16	18	21	0
16	18	22	0
16	18	23	0
16	18	24	0
17	10	1	0
17	10	2	0
17	10	3	0
17	10	4	0
17	10	5	0
17	10	6	0
17	10	7	0
17	10	8	0
17	10	9	0
17	10	10	0
17	10	11	0
17	10	12	0
17	10	13	0
17	10	14	0
17	10	15	0
17	10	16	0
17	10	17	80.99999988824129
17	10	18	0
17	10	19	0
17	10	20	0
17	10	21	0
17	10	22	0
17	10	23	0
17	10	24	0
17	16	1	0
17	16	2	0
17	16	3	0
17	16	4	0
17	16	5	0
17	16	6	0
17	16	7	0
17	16	8	0
17	16	9	0
17	16	10	0
17	16	11	0
17	16	12	0
17	16	13	0
17	16	14	7.0000000719204545
17	16	15	12.000000042157843
17	16	16	0
17	16	17	84.83161151921473
17	16	18	0
17	16	19	12.999999993422056
17	16	20	0
17	16	21	0
17	16	22	0
17	16	23	0
17	16	24	0
17	19	1	0
17	19	2	0
17	19	3	0
17	19	4	0
17	19	5	0
17	19	6	0
17	19	7	0
17	19	8	0
17	19	9	0
17	19	10	0
17	19	11	0
17	19	12	0
17	19	13	0
17	19	14	0
17	19	15	0
17	19	16	31.36242764514655
17	19	17	68.16838859254398
17	19	18	0
17	19	19	0
17	19	20	0
17	19	21	0
17	19	22	0
17	19	23	0
17	19	24	0
18	7	1	0
18	7	2	0
18	7	3	0
18	7	4	0
18	7	5	0
18	7	6	0
18	7	7	0
18	7	8	0
18	7	9	0
18	7	10	18.9999998555575
18	7	11	4.999999937042633
18	7	12	0
18	7	13	3.4325775524518782
18	7	14	5.999999974311609
18	7	15	10.999999984974522
18	7	16	14.202085705350608
18	7	17	14.930675413914768
18	7	18	11.999999973499467
18	7	19	13.999999992652905
18	7	20	30.999999903142452
18	7	21	7.0
18	7	22	13.0
18	7	23	5.0
18	7	24	3.000000032590987
18	16	1	0
18	16	2	0
18	16	3	0
18	16	4	0
18	16	5	0
18	16	6	0
18	16	7	48.00000010638222
18	16	8	0
18	16	9	3.603969496694656
18	16	10	0
18	16	11	0
18	16	12	1.2373705064187097
18	16	13	5.999999955296516
18	16	14	0
18	16	15	0
18	16	16	0
18	16	17	0
18	16	18	19.99999988824129
18	16	19	0
18	16	20	43.417491346827944
18	16	21	8.495355678350393
18	16	22	12.0
18	16	23	5.0
18	16	24	5.595988147530039
18	20	1	3.0
18	20	2	3.0000000018489956
18	20	3	0
18	20	4	3.0
18	20	5	1.0
18	20	6	7.999999996127184
18	20	7	29.120611429206708
18	20	8	39.99999987334013
18	20	9	6.0
18	20	10	12.038215836324012
18	20	11	0.15795900438414556
18	20	12	0
18	20	13	0
18	20	14	0
18	20	15	0
18	20	16	48.63757238306182
18	20	17	19.83161151921474
18	20	18	16.000000138259242
18	20	19	0
18	20	20	0
18	20	21	0
18	20	22	0
18	20	23	0
18	20	24	0
19	15	1	0
19	15	2	0
19	15	3	0
19	15	4	0
19	15	5	0
19	15	6	0
19	15	7	7.0
19	15	8	9.999999850988388
19	15	9	0
19	15	10	0
19	15	11	0
19	15	12	0
19	15	13	0
19	15	14	0
19	15	15	0
19	15	16	18.99999997605429
19	15	17	48.09531442579504
19	15	18	3.0000000670552254
19	15	19	69.0000000013337
19	15	20	35.07226983292455
19	15	21	0
19	15	22	0
19	15	23	0
19	15	24	0
19	17	1	0
19	17	2	0
19	17	3	0
19	17	4	0
19	17	5	0
19	17	6	0
19	17	7	0
19	17	8	0
19	17	9	0
19	17	10	0
19	17	11	0
19	17	12	0
19	17	13	0
19	17	14	14.000000071920455
19	17	15	27.000000042157836
19	17	16	0
19	17	17	0
19	17	18	0
19	17	19	29.99999999342206
19	17	20	1.5102388528004878
19	17	21	3.5046442715949437
19	17	22	17.0
19	17	23	5.999999955296516
19	17	24	0.40401185246995713
19	20	1	0
19	20	2	0
19	20	3	0
19	20	4	0
19	20	5	0
19	20	6	0
19	20	7	0
19	20	8	0
19	20	9	0
19	20	10	12.961784150989512
19	20	11	5.842040950518493
19	20	12	0
19	20	13	0
19	20	14	11.999999938261011
19	20	15	23.9999999801939
19	20	16	0
19	20	17	3.0730741667488886
19	20	18	0
19	20	19	29.00000000524424
19	20	20	0
19	20	21	0
19	20	22	0
19	20	23	0
19	20	24	0
20	18	1	0
20	18	2	0
20	18	3	0
20	18	4	0
20	18	5	0
20	18	6	0
20	18	7	0
20	18	8	0
20	18	9	0
20	18	10	0
20	18	11	0
20	18	12	0
20	18	13	10.432577492847228
20	18	14	6.999999942980707
20	18	15	12.999999980193898
20	18	16	0
20	18	17	0
20	18	18	0
20	18	19	16.999999999230848
20	18	20	78.41749124997038
20	18	21	16.49535567835039
20	18	22	28.0
20	18	23	11.0
20	18	24	8.595988180121033
20	19	1	0
20	19	2	1.0000000018489956
20	19	3	0
20	19	4	0
20	19	5	0
20	19	6	1.9999999850988388
20	19	7	10.999999918043613
20	19	8	16.99999987334013
20	19	9	0
20	19	10	0
20	19	11	0
20	19	12	0
20	19	13	0.4069511708209767
20	19	14	0
20	19	15	0
20	19	16	0.637572330907731
20	19	17	0
20	19	18	6.000000111758709
20	19	19	0
20	19	20	48.582508727677876
20	19	21	0.40868393782104706
20	19	22	0
20	19	23	0
20	19	24	0.06467610392807883
20	21	1	0
20	21	2	0
20	21	3	0
20	21	4	0
20	21	5	0
20	21	6	1.000000011028345
20	21	7	6.120611514212746
20	21	8	6.000000004574504
20	21	9	0
20	21	10	0
20	21	11	0
20	21	12	0
20	21	13	0
20	21	14	0
20	21	15	0
20	21	16	15.000000059778243
20	21	17	5.904685504406871
20	21	18	2.000000028025368
20	21	19	0
20	21	20	27.000000022351742
20	21	21	0
20	21	22	0
20	21	23	0
20	21	24	0
20	22	1	0
20	22	2	1.0
20	22	3	0
20	22	4	0
20	22	5	0
20	22	6	2.0
20	22	7	6.999999996950333
20	22	8	7.999999995425496
20	22	9	0
20	22	10	0
20	22	11	0
20	22	12	0
20	22	13	0
20	22	14	0
20	22	15	0
20	22	16	16.99999999237583
20	22	17	0
20	22	18	3.9999999984751664
20	22	19	0
20	22	20	31.0
20	22	21	0
20	22	22	0
20	22	23	0
20	22	24	0
21	20	1	0
21	20	2	0
21	20	3	0
21	20	4	0
21	20	5	0
21	20	6	0
21	20	7	0
21	20	8	0
21	20	9	0
21	20	10	0
21	20	11	0
21	20	12	4.000000003282278
21	20	13	16.8395286636682
21	20	14	0
21	20	15	0
21	20	16	0
21	20	17	0
21	20	18	0
21	20	19	0
21	20	20	0
21	20	21	28.90403965051981
21	20	22	0
21	20	23	0
21	20	24	12.660664284049112
21	22	1	3.7604575442303387
21	22	2	0
21	22	3	0.27463435524684954
21	22	4	0
21	22	5	0
21	22	6	0
21	22	7	0
21	22	8	0
21	22	9	0
21	22	10	0
21	22	11	0
21	22	12	6.999983031842128
21	22	13	4.3389187380764245
21	22	14	0
21	22	15	0
21	22	16	0
21	22	17	0
21	22	18	0
21	22	19	0
21	22	20	0
21	22	21	49.095960357113896
21	22	22	0
21	22	23	0
21	22	24	21.721603784619063
21	24	1	0
21	24	2	0
21	24	3	0
21	24	4	0
21	24	5	0
21	24	6	0
21	24	7	4.120611514212749
21	24	8	2.0000000045745026
21	24	9	0
21	24	10	6.927302248568912
21	24	11	0
21	24	12	0
21	24	13	0
21	24	14	0
21	24	15	10.979107842448153
21	24	16	9.000000059778236
21	24	17	2.2457381856353904
21	24	18	1.0000000280253678
21	24	19	0.6709665582681451
21	24	20	15.00000004264218
21	24	21	31.999999992366277
21	24	22	19.150426150242208
21	24	23	0
21	24	24	0
22	15	1	0
22	15	2	0
22	15	3	0
22	15	4	0
22	15	5	0
22	15	6	0
22	15	7	0
22	15	8	0
22	15	9	0
22	15	10	0
22	15	11	0
22	15	12	0
22	15	13	9.593048834466416
22	15	14	0
22	15	15	0
22	15	16	0
22	15	17	0
22	15	18	0
22	15	19	0
22	15	20	0
22	15	21	31.09596035377418
22	15	22	104.62997971538947
22	15	23	27.777613125522652
22	15	24	10.764562295917194
22	20	1	0
22	20	2	0
22	20	3	0
22	20	4	0
22	20	5	0
22	20	6	0
22	20	7	0
22	20	8	0
22	20	9	0
22	20	10	0
22	20	11	0
22	20	12	0
22	20	13	0
22	20	14	0
22	20	15	0
22	20	16	0
22	20	17	0
22	20	18	0
22	20	19	0
22	20	20	0
22	20	21	0
22	20	22	52.0
22	20	23	18.0
22	20	24	0
22	21	1	0
22	21	2	0
22	21	3	0
22	21	4	0
22	21	5	1.0
22	21	6	0
22	21	7	0
22	21	8	0
22	21	9	3.0000000204447295
22	21	10	18.92730224856895
22	21	11	0
22	21	12	0
22	21	13	0
22	21	14	0
22	21	15	18.97910784244815
22	21	16	0
22	21	17	2.341052681228519
22	21	18	0
22	21	19	4.670966552254751
22	21	20	0
22	21	21	0
22	21	22	37.1504261502422
22	21	23	0
22	21	24	0
22	23	1	0
22	23	2	0
22	23	3	0
22	23	4	0
22	23	5	0
22	23	6	0
22	23	7	1.99999998204917
22	23	8	2.999999973073755
22	23	9	2.5440152959562083
22	23	10	9.670746225271392
22	23	11	0
22	23	12	0
22	23	13	0
22	23	14	0
22	23	15	5.406169235870936
22	23	16	4.9999999551229255
22	23	17	5.881449987544993
22	23	18	0.999999991024585
22	23	19	4.895190692003226
22	23	20	6.999999979709562
22	23	21	0
22	23	22	50.21959413436827
22	23	23	0
22	23	24	0
23	14	1	0
23	14	2	0
23	14	3	0
23	14	4	0
23	14	5	0
23	14	6	0
23	14	7	0
23	14	8	0
23	14	9	0
23	14	10	0
23	14	11	0
23	14	12	0
23	14	13	5.780753349150875
23	14	14	0
23	14	15	0
23	14	16	0
23	14	17	0
23	14	18	0
23	14	19	0
23	14	20	0
23	14	21	8.000000010607167
23	14	22	12.370020284610481
23	14	23	45.2223869104041
23	14	24	12.574773420003101
23	22	1	0.2395423924889764
23	22	2	0
23	22	3	0.7253656447531505
23	22	4	0
23	22	5	0
23	22	6	0
23	22	7	0
23	22	8	0
23	22	9	0
23	22	10	0
23	22	11	4.0169365747897725
23	22	12	1.7003080071491595e-05
23	22	13	18.25413009638999
23	22	14	6.205131455252973
23	22	15	0
23	22	16	0
23	22	17	0
23	22	18	0
23	22	19	0
23	22	20	0
23	22	21	0
23	22	22	0
23	22	23	66.77761314301557
23	22	24	0.04295851129812983
23	24	1	0
23	24	2	0
23	24	3	0
23	24	4	0
23	24	5	0
23	24	6	0
23	24	7	0
23	24	8	0
23	24	9	0
23	24	10	1.0726977514310863
23	24	11	9.999999993463206
23	24	12	0
23	24	13	0
23	24	14	14.000000069460846
23	24	15	0.020892167536864088
23	24	16	0
23	24	17	0.7542618607665169
23	24	18	0
23	24	19	3.329033464083595
23	24	20	0
23	24	21	0
23	24	22	16.849573849757796
23	24	23	32.99999994658038
23	24	24	0
24	13	1	0
24	13	2	0
24	13	3	0
24	13	4	0
24	13	5	0
24	13	6	0
24	13	7	3.1206114813607653
24	13	8	0
24	13	9	0
24	13	10	0
24	13	11	0
24	13	12	0
24	13	13	0
24	13	14	6.0000001043081275
24	13	15	7.0000000099850155
24	13	16	6.000000052154064
24	13	17	0
24	13	18	1.0000000265005338
24	13	19	3.000000022351742
24	13	20	11.000000022351742
24	13	21	11.999999985098839
24	13	22	25.0
24	13	23	18.999999964073268
24	13	24	18.000000000030592
24	21	1	4.76045757403266
24	21	2	0
24	21	3	0.27463435524684954
24	21	4	1.9999999844029275
24	21	5	0
24	21	6	0
24	21	7	0
24	21	8	0
24	21	9	0
24	21	10	0
24	21	11	3.9999999636608825
24	21	12	13.999983035124403
24	21	13	27.178447401744613
24	21	14	3.9999999353503974
24	21	15	0
24	21	16	0
24	21	17	0
24	21	18	0
24	21	19	0
24	21	20	0
24	21	21	0
24	21	22	0
24	21	23	6.999999982507114
24	21	24	39.38226806866816
24	23	1	3.239542347785493
24	23	2	0
24	23	3	1.7253656298519893
24	23	4	0
24	23	5	0
24	23	6	0
24	23	7	0
24	23	8	0
24	23	9	0
24	23	10	0
24	23	11	0
24	23	12	7.000017055234134
24	23	13	32.034883490244354
24	23	14	0
24	23	15	0
24	23	16	0
24	23	17	0
24	23	18	0
24	23	19	0
24	23	20	0
24	23	21	15.000000007267435
24	23	22	0
24	23	23	0
24	23	24	19.61773193130124
